fecha,t_media,t_min,t_max
1998-01-01,15.377,10.606,21.559
1998-01-02,16.312,10.52,23.52
1998-01-03,16.666,9.504,23.77
1998-01-04,16.485,9.498,23.511
1998-01-05,16.414,10.722,22.85
1998-01-06,16.122,11.337,21.369
1998-01-07,16.02,11.927,21.08
1998-01-08,16.208,11.637,21.508
1998-01-09,16.34,11.874,21.704
1998-01-10,16.264,11.951,21.266
1998-01-11,16.563,11.54,22.611
1998-01-12,16.459,13.331,20.518
1998-01-13,16.055,11.431,21.856
1998-01-14,16.359,12.829,21.221
1998-01-15,16.745,12.674,21.985
1998-01-16,17.13,13.415,22.692
1998-01-17,16.625,12.409,21.898
1998-01-18,16.748,12.974,22.28
1998-01-19,16.691,12.531,22.18
1998-01-20,17.116,13.871,22.11
1998-01-21,17.178,13.552,22.269
1998-01-22,17.363,11.91,23.531
1998-01-23,17.791,13.157,23.692
1998-01-24,17.625,13.895,23.079
1998-01-25,17.042,13.506,21.735
1998-01-26,16.708,10.016,24.076
1998-01-27,17.429,12.818,22.982
1998-01-28,16.728,12.627,21.812
1998-01-29,16.743,11.832,22.832
1998-01-30,17.127,14.158,21.385
1998-01-31,17.197,12.865,23.078
1998-02-01,16.457,10.977,23.038
1998-02-02,17.197,11.525,23.761
1998-02-03,17.298,12.208,22.694
1998-02-04,16.379,14.192,19.36
1998-02-05,16.314,11.944,21.611
1998-02-06,16.165,11.899,21.736
1998-02-07,15.528,11.914,20.492
1998-02-08,15.428,13.396,18.652
1998-02-09,14.941,13.594,18.114
1998-02-10,15.099,13.201,19.098
1998-02-11,15.761,12.468,20.398
1998-02-12,15.662,11.008,22.091
1998-02-13,15.427,11.526,20.066
1998-02-14,15.893,11.746,21.26
1998-02-15,15.785,10.518,21.844
1998-02-16,16.947,10.748,24.583
1998-02-17,17.075,10.995,24.197
1998-02-18,16.559,10.952,22.59
1998-02-19,16.619,11.338,22.378
1998-02-20,16.408,11.884,21.208
1998-02-21,16.35,12.5,21.375
1998-02-22,16.547,13.026,21.151
1998-02-23,16.489,12.328,21.722
1998-02-24,16.693,13.243,21.61
1998-02-25,16.614,12.341,21.529
1998-02-26,16.927,12.356,22.663
1998-02-27,16.665,11.671,22.116
1998-02-28,17.002,12.835,22.112
1998-03-01,16.885,13.078,21.803
1998-03-02,16.309,12.618,21.373
1998-03-03,16.53,11.146,23.103
1998-03-04,16.351,11.241,21.932
1998-03-05,16.152,11.52,21.851
1998-03-06,15.851,11.656,21.374
1998-03-07,16.149,11.682,21.881
1998-03-08,16.247,12.138,21.517
1998-03-09,16.132,12.32,21.238
1998-03-10,15.969,12.181,21.155
1998-03-11,16.158,12.763,21.382
1998-03-12,15.972,12.545,21.903
1998-03-13,16.335,13.553,21.341
1998-03-14,15.988,11.394,21.259
1998-03-15,16.26,13.595,21.075
1998-03-16,16.415,13.341,21.502
1998-03-17,16.626,12.54,22.825
1998-03-18,17.13,12.525,22.741
1998-03-19,17.474,12.096,23.77
1998-03-20,17.47,14.071,22.611
1998-03-21,16.635,12.924,20.577
1998-03-22,16.527,13.358,21.366
1998-03-23,16.041,11.428,20.369
1998-03-24,15.538,12.377,20.731
1998-03-25,16.129,12.256,21.499
1998-03-26,15.935,12.642,21.719
1998-03-27,16.159,12.616,21.32
1998-03-28,16.124,13.039,21.254
1998-03-29,15.691,12.691,21.036
1998-03-30,15.554,14.06,18.81
1998-03-31,15.439,13.34,19.667
1998-04-01,15.696,11.88,21.108
1998-04-02,15.78,12.047,20.544
1998-04-03,15.619,12.418,18.979
1998-04-04,15.677,11.712,21.309
1998-04-05,15.945,12.08,21.04
1998-04-06,15.887,12.039,21.068
1998-04-07,16.155,12.568,20.698
1998-04-08,16.346,11.923,21.896
1998-04-09,15.87,10.303,21.485
1998-04-10,16.08,10.596,22.085
1998-04-11,16.144,12.724,22.047
1998-04-12,15.833,13.162,21.025
1998-04-13,16.109,13.243,20.397
1998-04-14,15.751,13.132,20.391
1998-04-15,16.133,11.35,22.078
1998-04-16,16.474,12.531,21.598
1998-04-17,16.753,13.373,21.109
1998-04-18,16.288,13.05,21.495
1998-04-19,16.261,13.908,21.132
1998-04-20,15.759,13.528,18.347
1998-04-21,15.791,11.989,20.768
1998-04-22,16.323,11.314,22.497
1998-04-23,16.806,11.022,23.413
1998-04-24,15.962,11.472,21.749
1998-04-25,15.995,12.39,20.703
1998-04-26,15.118,12.05,18.795
1998-04-27,14.926,10.83,20.731
1998-04-28,15.95,12.089,21.768
1998-04-29,16.572,13.352,21.673
1998-04-30,16.02,11.502,20.446
1998-05-01,16.015,12.207,20.338
1998-05-02,15.914,13.437,20.162
1998-05-03,15.194,11.97,19.547
1998-05-04,14.71,13.513,17.074
1998-05-05,14.867,11.303,19.723
1998-05-06,14.937,12.267,18.241
1998-05-07,15.117,12.39,19.21
1998-05-08,15.685,13.227,20.109
1998-05-09,16.138,12.677,21.934
1998-05-10,15.981,12.412,21.457
1998-05-11,15.898,12.021,21.071
1998-05-12,14.947,11.375,19.733
1998-05-13,15.436,10.73,21.123
1998-05-14,16.034,10.388,22.212
1998-05-15,16.374,11.903,22.035
1998-05-16,15.57,10.379,21.735
1998-05-17,15.476,11.555,20.239
1998-05-18,15.53,11.952,19.703
1998-05-19,15.637,11.893,21.042
1998-05-20,16.14,11.519,22.809
1998-05-21,16.225,11.918,22.073
1998-05-22,16.167,11.782,21.633
1998-05-23,15.521,11.987,21.147
1998-05-24,15.492,12.178,19.774
1998-05-25,15.514,12.33,18.933
1998-05-26,15.523,12.855,19.997
1998-05-27,15.005,12.113,18.357
1998-05-28,14.9,11.813,19.012
1998-05-29,14.574,11.893,18.133
1998-05-30,14.868,10.703,20.253
1998-05-31,15.319,11.113,21.007
1998-06-01,14.878,10.245,20.2
1998-06-02,14.63,10.219,19.849
1998-06-03,14.613,9.906,19.958
1998-06-04,14.695,9.649,20.785
1998-06-05,14.443,9.438,19.64
1998-06-06,14.612,9.454,20.7
1998-06-07,14.774,11.611,18.735
1998-06-08,14.433,10.461,19.095
1998-06-09,14.819,10.704,19.795
1998-06-10,15.207,9.65,21.929
1998-06-11,15.56,9.093,21.53
1998-06-12,15.612,10.014,21.07
1998-06-13,15.468,9.626,21.249
1998-06-14,15.307,10.121,21.205
1998-06-15,15.03,11.328,20.699
1998-06-16,14.343,10.576,18.761
1998-06-17,14.589,10.329,19.764
1998-06-18,14.652,8.954,20.325
1998-06-19,14.496,9.358,20.348
1998-06-20,15.014,10.375,20.404
1998-06-21,14.67,9.724,20.135
1998-06-22,14.145,9.494,19.515
1998-06-23,14.111,9.782,18.338
1998-06-24,14.633,10.134,18.847
1998-06-25,14.823,9.853,20.709
1998-06-26,15.125,9.45,19.891
1998-06-27,14.935,10.454,20.486
1998-06-28,15.394,11.371,21.289
1998-06-29,15.191,9.307,22.285
1998-06-30,15.067,8.936,22.202
1998-07-01,15.287,9.544,22.594
1998-07-02,15.779,9.791,21.675
1998-07-03,15.165,9.652,20.975
1998-07-04,14.696,10.058,20.823
1998-07-05,14.701,10.334,20.111
1998-07-06,13.748,8.68,17.59
1998-07-07,14.471,11.74,18.28
1998-07-08,14.128,10.148,18.056
1998-07-09,14.661,9.433,20.351
1998-07-10,14.133,8.891,19.803
1998-07-11,13.939,7.942,20.074
1998-07-12,14.526,9.243,19.076
1998-07-13,14.446,8.06,22.078
1998-07-14,14.337,8.788,20.329
1998-07-15,14.235,8.147,20.724
1998-07-16,14.18,8.542,19.742
1998-07-17,14.38,10.06,18.607
1998-07-18,14.398,10.42,18.766
1998-07-19,14.45,8.907,20.081
1998-07-20,14.873,8.294,21.688
1998-07-21,15.082,8.712,22.245
1998-07-22,14.833,9.34,20.537
1998-07-23,14.529,9.86,19.715
1998-07-24,14.562,11.164,19.639
1998-07-25,14.117,8.95,19.245
1998-07-26,14.389,8.965,19.504
1998-07-27,14.671,8.87,20.659
1998-07-28,14.554,9.342,19.87
1998-07-29,14.693,9.701,20.871
1998-07-30,15.196,10.762,21.055
1998-07-31,14.93,10.066,20.646
1998-08-01,14.803,9.283,20.085
1998-08-02,15.458,10.371,20.948
1998-08-03,15.466,8.69,22.283
1998-08-04,15.007,9.278,21.414
1998-08-05,15.436,10.846,20.731
1998-08-06,14.743,11.083,19.925
1998-08-07,14.286,11.072,19.574
1998-08-08,14.142,10.223,19.111
1998-08-09,14.693,9.635,20.471
1998-08-10,14.892,10.186,20.869
1998-08-11,14.907,8.864,21.63
1998-08-12,14.676,8.22,21.805
1998-08-13,14.946,8.712,20.668
1998-08-14,14.91,10.383,19.619
1998-08-15,14.419,10.74,18.317
1998-08-16,14.124,9.611,19.824
1998-08-17,14.531,9.961,20.652
1998-08-18,14.745,8.406,20.407
1998-08-19,14.847,10.415,20.285
1998-08-20,15.076,11.574,20.99
1998-08-21,14.673,11.027,19.106
1998-08-22,15.395,10.804,19.998
1998-08-23,14.976,8.879,21.235
1998-08-24,15.547,9.941,22.018
1998-08-25,15.478,11.586,19.738
1998-08-26,14.228,8.941,19.222
1998-08-27,14.195,9.069,19.187
1998-08-28,14.976,9.085,20.663
1998-08-29,15.604,11.22,20.458
1998-08-30,15.124,10.508,19.978
1998-08-31,14.777,9.559,20.673
1998-09-01,14.392,9.641,19.653
1998-09-02,14.618,11.599,18.588
1998-09-03,14.443,9.597,20.31
1998-09-04,14.318,7.633,20.723
1998-09-05,15.134,8.816,20.963
1998-09-06,15.586,9.465,21.775
1998-09-07,15.438,10.175,21.808
1998-09-08,15.117,10.686,20.084
1998-09-09,14.518,10.697,19.35
1998-09-10,14.925,9.368,20.805
1998-09-11,14.702,9.36,20.107
1998-09-12,14.144,11.277,17.961
1998-09-13,13.873,9.931,18.473
1998-09-14,13.795,9.056,19.483
1998-09-15,14.334,10.944,19.645
1998-09-16,14.993,10.969,20.652
1998-09-17,14.883,9.513,21.612
1998-09-18,15.281,10.322,21.5
1998-09-19,15.371,11.634,21.719
1998-09-20,14.974,10.284,20.957
1998-09-21,15.126,10.799,20.831
1998-09-22,15.048,9.568,20.67
1998-09-23,14.589,10.066,19.564
1998-09-24,14.405,10.117,20.065
1998-09-25,14.886,10.367,20.256
1998-09-26,14.358,10.123,19.637
1998-09-27,14.789,11.852,19.463
1998-09-28,14.678,9.345,20.133
1998-09-29,14.616,8.65,20.647
1998-09-30,15.639,8.181,23.583
1998-10-01,15.269,9.113,21.78
1998-10-02,15.024,10.552,20.493
1998-10-03,14.646,9.723,19.841
1998-10-04,15.069,10.315,20.713
1998-10-05,15.201,10.41,21.277
1998-10-06,15.264,11.045,20.399
1998-10-07,14.511,11.603,18.713
1998-10-08,15.019,10.437,21.11
1998-10-09,14.746,10.081,20.615
1998-10-10,15.0,8.649,21.917
1998-10-11,15.386,9.103,21.96
1998-10-12,14.961,9.548,21.648
1998-10-13,14.61,10.504,19.904
1998-10-14,14.375,11.671,19.38
1998-10-15,15.007,11.142,20.729
1998-10-16,14.086,10.816,17.774
1998-10-17,14.563,10.044,20.331
1998-10-18,14.739,10.077,19.879
1998-10-19,14.89,10.356,19.886
1998-10-20,14.906,10.921,20.675
1998-10-21,14.172,9.89,20.631
1998-10-22,14.269,9.162,19.888
1998-10-23,14.226,9.461,20.996
1998-10-24,13.888,9.756,20.047
1998-10-25,14.144,10.842,18.568
1998-10-26,14.573,9.838,20.848
1998-10-27,15.044,11.416,19.959
1998-10-28,14.747,10.929,20.544
1998-10-29,14.896,11.536,19.583
1998-10-30,14.254,10.474,20.062
1998-10-31,14.81,10.665,20.267
1998-11-01,14.915,9.319,20.053
1998-11-02,15.155,11.726,19.743
1998-11-03,14.636,10.869,20.115
1998-11-04,14.303,11.376,18.255
1998-11-05,14.804,10.772,19.534
1998-11-06,14.653,10.96,20.263
1998-11-07,14.074,10.831,18.293
1998-11-08,14.072,10.511,19.222
1998-11-09,14.346,10.97,19.862
1998-11-10,14.635,11.215,20.252
1998-11-11,14.166,10.103,19.375
1998-11-12,14.316,9.931,19.651
1998-11-13,14.708,11.125,19.974
1998-11-14,15.242,12.804,20.463
1998-11-15,14.817,10.612,19.539
1998-11-16,14.607,10.084,20.002
1998-11-17,14.701,10.502,19.268
1998-11-18,14.251,10.565,18.969
1998-11-19,14.462,11.182,19.425
1998-11-20,13.89,10.935,19.065
1998-11-21,14.694,12.262,19.279
1998-11-22,13.913,12.506,16.914
1998-11-23,13.811,11.651,17.316
1998-11-24,13.831,9.874,18.898
1998-11-25,14.579,10.814,19.941
1998-11-26,14.357,11.923,18.517
1998-11-27,13.815,10.464,18.299
1998-11-28,14.119,11.671,18.475
1998-11-29,14.183,10.727,19.26
1998-11-30,14.196,11.833,18.212
1998-12-01,13.799,10.119,18.654
1998-12-02,14.387,9.959,19.583
1998-12-03,14.092,10.824,18.987
1998-12-04,14.717,11.507,19.856
1998-12-05,14.76,11.334,20.053
1998-12-06,14.468,10.095,19.952
1998-12-07,13.937,9.828,19.126
1998-12-08,14.114,10.218,19.541
1998-12-09,14.73,12.149,19.777
1998-12-10,14.807,12.011,19.394
1998-12-11,14.18,11.51,17.659
1998-12-12,14.088,10.25,18.591
1998-12-13,14.199,9.861,19.657
1998-12-14,14.211,9.25,19.21
1998-12-15,14.235,9.637,19.493
1998-12-16,14.369,9.197,19.302
1998-12-17,13.995,8.794,19.785
1998-12-18,13.832,9.305,19.177
1998-12-19,14.358,9.644,19.203
1998-12-20,13.892,8.663,19.721
1998-12-21,13.562,9.847,18.625
1998-12-22,13.58,9.639,18.697
1998-12-23,13.662,9.9,18.38
1998-12-24,13.516,8.198,19.015
1998-12-25,13.898,11.057,18.795
1998-12-26,13.225,9.786,18.505
1998-12-27,13.372,9.0,18.576
1998-12-28,13.755,10.058,18.866
1998-12-29,14.179,11.257,18.653
1998-12-30,14.261,10.775,18.556
1998-12-31,14.283,11.693,18.584
1999-01-01,14.368,10.312,19.852
1999-01-02,14.686,11.014,19.513
1999-01-03,14.412,10.506,19.337
1999-01-04,14.512,10.343,19.902
1999-01-05,14.418,9.249,20.401
1999-01-06,13.734,9.458,19.221
1999-01-07,14.204,9.268,20.298
1999-01-08,14.243,9.946,19.319
1999-01-09,14.285,10.225,18.987
1999-01-10,14.091,10.693,18.993
1999-01-11,13.966,10.418,18.183
1999-01-12,13.669,10.528,18.151
1999-01-13,13.647,9.822,19.092
1999-01-14,13.469,10.006,17.992
1999-01-15,13.178,9.072,18.307
1999-01-16,13.392,9.838,18.268
1999-01-17,13.172,9.202,18.581
1999-01-18,14.257,9.877,19.375
1999-01-19,14.112,9.924,19.897
1999-01-20,13.84,10.054,19.497
1999-01-21,14.248,9.333,20.459
1999-01-22,14.4,9.969,19.444
1999-01-23,14.052,8.956,19.422
1999-01-24,14.262,8.797,18.977
1999-01-25,14.13,9.912,19.016
1999-01-26,14.532,11.169,19.366
1999-01-27,13.823,10.762,18.696
1999-01-28,14.441,11.67,19.616
1999-01-29,15.236,11.045,21.338
1999-01-30,15.347,9.622,21.257
1999-01-31,15.163,10.204,20.435
1999-02-01,14.693,11.3,19.967
1999-02-02,14.264,11.382,19.586
1999-02-03,14.381,10.966,19.339
1999-02-04,13.852,8.128,20.147
1999-02-05,14.181,10.523,19.795
1999-02-06,14.087,10.662,18.42
1999-02-07,14.501,11.039,19.955
1999-02-08,14.824,10.868,20.869
1999-02-09,14.576,9.661,20.496
1999-02-10,14.143,10.513,18.67
1999-02-11,13.941,9.818,19.117
1999-02-12,13.649,8.455,19.987
1999-02-13,13.859,11.298,18.309
1999-02-14,13.895,10.334,18.878
1999-02-15,13.393,9.51,18.065
1999-02-16,13.345,10.972,16.096
1999-02-17,13.618,10.317,18.242
1999-02-18,13.313,10.281,17.873
1999-02-19,13.906,10.491,19.132
1999-02-20,14.327,11.818,18.691
1999-02-21,13.44,9.548,18.926
1999-02-22,13.17,11.0,16.666
1999-02-23,13.401,11.393,16.503
1999-02-24,13.446,9.392,17.961
1999-02-25,14.031,10.776,18.409
1999-02-26,13.595,8.289,19.841
1999-02-27,14.165,10.687,20.285
1999-02-28,13.935,10.968,19.057
1999-03-01,13.231,11.781,15.719
1999-03-02,12.813,9.063,17.797
1999-03-03,14.295,9.535,20.737
1999-03-04,14.045,9.399,19.299
1999-03-05,14.57,9.7,20.535
1999-03-06,14.445,8.401,20.935
1999-03-07,13.827,8.834,19.017
1999-03-08,13.741,9.861,18.883
1999-03-09,14.013,11.84,18.188
1999-03-10,13.708,9.899,19.326
1999-03-11,14.47,10.29,20.835
1999-03-12,14.41,10.014,19.865
1999-03-13,14.476,10.023,20.057
1999-03-14,14.026,9.077,20.176
1999-03-15,14.278,8.987,19.642
1999-03-16,14.025,10.211,18.995
1999-03-17,13.969,9.636,20.349
1999-03-18,14.271,10.652,19.998
1999-03-19,14.266,10.709,19.717
1999-03-20,14.246,11.282,19.054
1999-03-21,13.884,9.36,19.43
1999-03-22,14.188,10.409,19.543
1999-03-23,14.173,9.32,20.813
1999-03-24,14.374,9.911,19.822
1999-03-25,15.608,10.364,22.515
1999-03-26,15.509,8.683,23.492
1999-03-27,15.556,10.517,21.638
1999-03-28,14.927,11.492,19.673
1999-03-29,14.433,9.591,19.531
1999-03-30,14.919,10.3,20.28
1999-03-31,15.248,10.963,21.421
1999-04-01,15.177,9.947,21.2
1999-04-02,14.651,10.194,19.97
1999-04-03,14.527,11.253,18.803
1999-04-04,14.326,10.881,18.323
1999-04-05,13.995,9.765,19.483
1999-04-06,14.161,11.053,18.226
1999-04-07,14.521,11.858,19.406
1999-04-08,13.937,11.181,17.436
1999-04-09,14.229,11.578,18.958
1999-04-10,13.972,12.076,17.474
1999-04-11,14.231,11.462,17.929
1999-04-12,14.278,10.304,19.615
1999-04-13,14.902,12.121,19.848
1999-04-14,14.159,9.849,18.715
1999-04-15,14.335,10.137,19.859
1999-04-16,14.779,9.506,20.527
1999-04-17,15.063,7.234,22.99
1999-04-18,14.91,7.744,22.304
1999-04-19,15.085,9.115,21.642
1999-04-20,14.622,9.107,20.502
1999-04-21,14.633,10.222,20.799
1999-04-22,14.686,9.971,20.708
1999-04-23,14.864,10.17,21.276
1999-04-24,14.214,9.55,20.757
1999-04-25,14.229,11.859,17.368
1999-04-26,13.562,10.412,17.736
1999-04-27,13.797,11.243,17.373
1999-04-28,13.917,10.546,18.694
1999-04-29,14.145,9.274,19.601
1999-04-30,13.889,9.432,19.899
1999-05-01,14.291,9.284,20.018
1999-05-02,14.002,9.121,19.663
1999-05-03,14.135,9.452,18.88
1999-05-04,14.175,10.933,19.098
1999-05-05,14.235,9.122,20.771
1999-05-06,13.957,9.8,19.34
1999-05-07,13.838,9.128,19.839
1999-05-08,13.701,8.749,18.497
1999-05-09,14.041,11.37,18.025
1999-05-10,14.051,11.837,18.005
1999-05-11,14.327,10.438,20.072
1999-05-12,13.808,11.594,17.119
1999-05-13,13.536,10.05,17.654
1999-05-14,13.778,9.644,19.037
1999-05-15,14.153,9.168,19.536
1999-05-16,14.116,8.133,20.252
1999-05-17,14.857,8.514,20.776
1999-05-18,15.267,8.869,21.525
1999-05-19,14.957,9.221,20.723
1999-05-20,13.91,8.566,19.683
1999-05-21,13.943,10.313,18.562
1999-05-22,13.901,9.197,19.661
1999-05-23,14.44,8.547,20.76
1999-05-24,15.371,8.116,22.366
1999-05-25,15.178,9.628,20.461
1999-05-26,15.362,10.317,21.3
1999-05-27,15.783,10.772,21.431
1999-05-28,15.529,9.809,21.22
1999-05-29,15.154,9.901,20.527
1999-05-30,14.377,10.359,19.234
1999-05-31,14.529,8.972,19.582
1999-06-01,14.559,9.39,18.836
1999-06-02,14.899,8.88,21.885
1999-06-03,14.793,7.906,21.478
1999-06-04,15.034,11.038,19.386
1999-06-05,14.195,10.412,18.756
1999-06-06,14.145,9.941,19.26
1999-06-07,14.386,9.834,19.723
1999-06-08,14.072,9.251,19.857
1999-06-09,13.651,9.002,19.016
1999-06-10,14.321,9.626,20.701
1999-06-11,14.772,10.819,19.422
1999-06-12,14.147,9.617,19.251
1999-06-13,14.55,10.104,19.579
1999-06-14,13.695,10.039,17.09
1999-06-15,14.195,10.168,19.235
1999-06-16,14.286,10.797,18.863
1999-06-17,14.302,10.477,20.077
1999-06-18,13.936,9.899,19.619
1999-06-19,13.778,10.46,17.739
1999-06-20,14.314,9.431,19.667
1999-06-21,13.723,9.917,18.174
1999-06-22,13.82,9.326,18.6
1999-06-23,13.836,9.463,18.966
1999-06-24,13.49,9.08,17.996
1999-06-25,13.703,9.362,18.234
1999-06-26,13.855,9.439,18.549
1999-06-27,13.558,9.782,17.861
1999-06-28,13.013,9.411,18.123
1999-06-29,13.557,10.306,17.801
1999-06-30,13.836,8.173,21.027
1999-07-01,13.758,9.538,19.054
1999-07-02,13.569,9.292,18.853
1999-07-03,13.265,7.904,19.513
1999-07-04,13.549,9.208,18.486
1999-07-05,13.794,9.785,19.427
1999-07-06,14.119,9.027,19.518
1999-07-07,13.46,9.2,18.434
1999-07-08,13.685,8.709,19.223
1999-07-09,13.681,8.677,20.173
1999-07-10,13.042,7.569,18.969
1999-07-11,13.941,10.189,19.663
1999-07-12,13.99,8.941,19.818
1999-07-13,13.338,7.176,20.194
1999-07-14,14.404,9.539,21.048
1999-07-15,14.064,7.393,20.984
1999-07-16,13.555,7.333,18.793
1999-07-17,13.962,8.933,19.98
1999-07-18,14.071,8.696,19.845
1999-07-19,14.074,8.252,20.407
1999-07-20,14.484,9.007,19.87
1999-07-21,14.638,9.04,20.461
1999-07-22,14.242,9.865,19.665
1999-07-23,14.482,8.672,19.802
1999-07-24,14.012,9.099,18.846
1999-07-25,14.108,8.677,20.224
1999-07-26,14.242,9.378,19.575
1999-07-27,14.241,9.551,18.533
1999-07-28,14.533,8.232,20.837
1999-07-29,14.154,9.185,19.469
1999-07-30,14.658,11.176,19.495
1999-07-31,14.968,10.855,20.568
1999-08-01,14.133,9.505,19.144
1999-08-02,13.536,7.873,19.914
1999-08-03,13.45,9.308,18.027
1999-08-04,13.144,8.105,18.411
1999-08-05,13.758,9.823,18.543
1999-08-06,14.09,9.658,18.773
1999-08-07,14.521,9.785,20.337
1999-08-08,13.997,7.681,19.991
1999-08-09,13.898,7.563,20.077
1999-08-10,13.574,9.085,18.934
1999-08-11,14.126,8.463,20.346
1999-08-12,14.373,8.286,21.603
1999-08-13,14.076,8.05,19.295
1999-08-14,14.374,10.265,20.753
1999-08-15,13.482,8.115,19.223
1999-08-16,13.418,7.968,19.536
1999-08-17,13.79,7.803,20.784
1999-08-18,14.594,9.679,20.198
1999-08-19,13.456,7.64,20.02
1999-08-20,13.5,8.187,19.392
1999-08-21,13.565,8.774,18.244
1999-08-22,13.113,9.544,17.786
1999-08-23,13.597,8.441,20.622
1999-08-24,14.555,11.183,19.447
1999-08-25,13.928,10.858,17.675
1999-08-26,14.184,10.689,19.024
1999-08-27,14.255,10.281,19.216
1999-08-28,14.286,10.686,19.038
1999-08-29,13.955,8.299,20.54
1999-08-30,14.701,8.057,22.099
1999-08-31,14.834,8.322,20.814
1999-09-01,14.121,8.877,20.368
1999-09-02,13.757,10.085,18.257
1999-09-03,13.981,8.945,20.248
1999-09-04,13.907,8.491,20.368
1999-09-05,14.43,10.322,20.149
1999-09-06,14.38,8.481,20.631
1999-09-07,14.321,8.235,20.588
1999-09-08,14.025,9.049,19.853
1999-09-09,13.731,10.029,18.59
1999-09-10,13.54,10.224,17.683
1999-09-11,13.701,9.204,19.906
1999-09-12,13.568,11.358,16.977
1999-09-13,13.904,9.829,19.562
1999-09-14,13.498,10.856,17.72
1999-09-15,13.735,9.931,19.165
1999-09-16,14.18,9.528,19.4
1999-09-17,14.016,8.21,20.969
1999-09-18,14.154,8.05,20.038
1999-09-19,14.443,9.537,19.761
1999-09-20,14.048,9.097,19.677
1999-09-21,14.435,9.732,19.561
1999-09-22,14.138,10.328,19.475
1999-09-23,13.344,9.254,19.272
1999-09-24,13.624,8.791,19.316
1999-09-25,13.665,10.403,18.479
1999-09-26,13.563,10.258,19.422
1999-09-27,13.752,9.6,19.357
1999-09-28,13.534,11.234,18.086
1999-09-29,13.175,8.315,18.521
1999-09-30,13.634,10.521,17.962
1999-10-01,13.778,9.294,19.624
1999-10-02,13.627,9.922,18.17
1999-10-03,13.954,9.174,20.388
1999-10-04,13.729,9.662,18.482
1999-10-05,13.603,10.348,17.582
1999-10-06,13.827,8.923,20.432
1999-10-07,13.478,9.096,18.974
1999-10-08,13.69,9.882,18.754
1999-10-09,13.914,9.069,20.622
1999-10-10,13.816,9.963,19.097
1999-10-11,13.654,10.207,18.633
1999-10-12,13.274,8.816,19.041
1999-10-13,13.724,9.295,18.306
1999-10-14,13.873,8.507,19.791
1999-10-15,13.936,8.85,20.198
1999-10-16,13.877,8.843,19.661
1999-10-17,13.564,9.52,19.033
1999-10-18,13.706,9.022,19.738
1999-10-19,13.621,9.234,20.15
1999-10-20,14.397,9.401,20.857
1999-10-21,14.555,11.06,19.143
1999-10-22,14.081,9.132,19.796
1999-10-23,13.676,9.514,18.166
1999-10-24,14.25,10.934,19.361
1999-10-25,14.256,11.009,18.857
1999-10-26,14.22,10.033,19.513
1999-10-27,13.987,10.221,19.144
1999-10-28,13.768,10.657,18.291
1999-10-29,14.001,11.443,18.039
1999-10-30,13.5,9.715,18.359
1999-10-31,13.826,9.54,19.119
1999-11-01,14.465,9.659,20.266
1999-11-02,14.786,11.552,19.637
1999-11-03,14.357,12.395,19.872
1999-11-04,14.589,11.687,19.268
1999-11-05,14.657,10.976,19.282
1999-11-06,14.506,9.325,20.241
1999-11-07,14.405,10.947,19.378
1999-11-08,13.867,10.33,18.704
1999-11-09,14.395,10.086,19.695
1999-11-10,14.438,9.927,19.761
1999-11-11,13.872,9.12,19.284
1999-11-12,14.099,10.477,18.608
1999-11-13,13.85,8.806,20.515
1999-11-14,14.265,9.944,19.65
1999-11-15,13.895,9.573,19.608
1999-11-16,14.239,10.496,19.027
1999-11-17,13.477,10.762,18.176
1999-11-18,13.508,11.936,16.58
1999-11-19,13.639,11.395,17.77
1999-11-20,13.456,11.966,16.789
1999-11-21,13.867,10.339,18.766
1999-11-22,14.261,10.08,19.238
1999-11-23,13.985,10.042,18.446
1999-11-24,13.367,9.709,18.439
1999-11-25,12.827,9.726,18.192
1999-11-26,13.018,8.576,18.117
1999-11-27,13.77,11.795,17.674
1999-11-28,14.035,9.643,19.137
1999-11-29,13.88,8.551,19.366
1999-11-30,13.9,9.597,19.11
1999-12-01,13.472,10.029,18.335
1999-12-02,13.437,11.122,16.613
1999-12-03,13.325,9.034,19.067
1999-12-04,14.25,11.299,18.705
1999-12-05,14.092,11.031,19.472
1999-12-06,13.943,11.03,18.379
1999-12-07,14.487,12.315,19.182
1999-12-08,14.593,11.63,19.179
1999-12-09,14.087,8.942,20.554
1999-12-10,14.168,9.454,19.653
1999-12-11,14.005,9.483,20.049
1999-12-12,14.26,10.815,18.758
1999-12-13,14.16,11.224,18.727
1999-12-14,14.091,10.678,18.587
1999-12-15,13.868,10.032,18.791
1999-12-16,13.943,11.37,17.566
1999-12-17,13.911,10.64,18.981
1999-12-18,14.04,10.715,18.904
1999-12-19,14.388,9.809,19.322
1999-12-20,14.205,11.038,18.684
1999-12-21,14.144,10.67,18.768
1999-12-22,13.882,11.758,18.009
1999-12-23,13.419,9.091,17.671
1999-12-24,13.58,8.919,18.74
1999-12-25,13.086,10.251,16.753
1999-12-26,12.914,9.605,17.653
1999-12-27,13.213,10.466,17.922
1999-12-28,13.401,10.557,18.163
1999-12-29,13.363,10.891,17.159
1999-12-30,13.687,10.556,18.196
1999-12-31,14.104,11.686,18.023
2000-01-01,14.088,10.542,18.991
2000-01-02,13.668,9.655,18.422
2000-01-03,13.027,10.269,16.347
2000-01-04,11.998,9.55,15.449
2000-01-05,11.98,9.559,16.354
2000-01-06,11.867,7.987,17.248
2000-01-07,12.621,9.561,17.789
2000-01-08,12.675,9.17,17.184
2000-01-09,12.545,9.488,16.978
2000-01-10,13.356,10.594,17.513
2000-01-11,13.223,9.284,17.954
2000-01-12,13.544,9.637,18.547
2000-01-13,13.685,9.456,19.062
2000-01-14,13.273,8.462,18.176
2000-01-15,13.307,10.184,17.85
2000-01-16,12.959,9.713,16.748
2000-01-17,13.031,10.608,16.581
2000-01-18,13.371,11.158,17.806
2000-01-19,12.889,7.316,19.155
2000-01-20,13.981,10.893,18.818
2000-01-21,13.539,8.59,19.396
2000-01-22,14.029,8.175,20.849
2000-01-23,14.202,8.079,20.582
2000-01-24,14.239,10.709,19.174
2000-01-25,13.192,8.034,18.449
2000-01-26,14.115,11.719,18.14
2000-01-27,14.03,11.359,18.49
2000-01-28,13.897,10.663,18.354
2000-01-29,13.231,9.64,18.148
2000-01-30,13.037,9.535,18.681
2000-01-31,13.922,11.41,19.058
2000-02-01,13.121,9.093,17.091
2000-02-02,13.355,9.635,17.385
2000-02-03,13.486,8.391,19.292
2000-02-04,13.604,8.159,20.107
2000-02-05,13.955,9.783,19.926
2000-02-06,13.784,7.622,20.417
2000-02-07,14.729,7.697,21.532
2000-02-08,14.309,8.073,20.491
2000-02-09,14.926,10.842,20.419
2000-02-10,14.762,10.777,19.613
2000-02-11,14.351,10.34,19.235
2000-02-12,14.174,9.576,19.274
2000-02-13,13.897,8.39,19.896
2000-02-14,14.03,7.986,20.288
2000-02-15,14.256,9.309,19.862
2000-02-16,13.524,8.945,18.333
2000-02-17,12.05,6.826,17.67
2000-02-18,13.088,10.08,17.746
2000-02-19,13.452,10.102,18.537
2000-02-20,13.58,10.027,19.287
2000-02-21,13.336,10.3,18.514
2000-02-22,13.209,9.834,18.848
2000-02-23,13.461,10.044,17.847
2000-02-24,13.377,10.15,18.373
2000-02-25,13.341,10.959,17.153
2000-02-26,13.362,10.178,18.992
2000-02-27,13.222,10.056,17.966
2000-02-28,13.861,11.222,18.639
2000-02-29,14.206,11.034,19.155
2000-03-01,13.826,10.488,18.619
2000-03-02,13.907,10.401,18.869
2000-03-03,13.716,9.001,19.736
2000-03-04,13.992,8.158,20.149
2000-03-05,13.798,7.756,21.653
2000-03-06,15.073,9.366,21.401
2000-03-07,14.635,10.449,20.539
2000-03-08,14.414,10.989,19.98
2000-03-09,14.042,10.132,19.586
2000-03-10,13.888,8.424,19.935
2000-03-11,14.779,9.588,21.149
2000-03-12,14.313,10.433,19.167
2000-03-13,13.992,9.884,20.16
2000-03-14,14.703,10.934,20.559
2000-03-15,15.01,9.046,21.781
2000-03-16,15.466,12.14,20.757
2000-03-17,14.61,11.198,19.23
2000-03-18,13.909,10.501,18.971
2000-03-19,14.134,10.025,19.838
2000-03-20,13.702,9.873,18.242
2000-03-21,14.194,9.952,20.188
2000-03-22,14.687,11.411,20.15
2000-03-23,14.091,11.657,18.743
2000-03-24,14.046,11.523,19.401
2000-03-25,13.504,11.43,17.389
2000-03-26,13.357,10.862,17.829
2000-03-27,13.554,10.031,18.863
2000-03-28,13.729,8.937,20.787
2000-03-29,14.118,9.577,19.552
2000-03-30,14.455,8.551,20.303
2000-03-31,14.207,9.243,20.103
2000-04-01,14.379,8.431,21.133
2000-04-02,14.544,7.925,21.813
2000-04-03,15.061,10.208,20.671
2000-04-04,13.984,9.479,19.922
2000-04-05,13.841,11.158,18.1
2000-04-06,13.785,9.575,18.173
2000-04-07,13.581,10.27,18.282
2000-04-08,14.958,9.504,22.5
2000-04-09,15.237,9.397,21.405
2000-04-10,14.898,9.381,21.833
2000-04-11,14.527,11.048,19.918
2000-04-12,14.078,10.611,18.853
2000-04-13,14.166,10.255,19.466
2000-04-14,14.587,11.81,19.262
2000-04-15,14.203,10.597,19.294
2000-04-16,14.644,10.478,20.706
2000-04-17,14.206,10.236,18.893
2000-04-18,14.351,10.655,20.051
2000-04-19,14.399,10.267,19.852
2000-04-20,14.428,8.981,21.121
2000-04-21,14.707,10.281,19.929
2000-04-22,14.411,10.541,18.76
2000-04-23,14.474,10.443,20.229
2000-04-24,14.286,10.287,19.291
2000-04-25,14.329,10.507,18.776
2000-04-26,14.984,10.41,20.253
2000-04-27,15.669,9.559,22.038
2000-04-28,15.719,8.685,22.754
2000-04-29,15.308,11.143,19.594
2000-04-30,14.423,9.354,20.025
2000-05-01,14.893,10.675,20.77
2000-05-02,15.16,11.954,21.14
2000-05-03,15.098,10.232,20.98
2000-05-04,14.464,9.109,20.674
2000-05-05,14.505,10.463,19.148
2000-05-06,14.488,11.822,18.802
2000-05-07,14.705,11.024,20.442
2000-05-08,14.832,9.717,20.042
2000-05-09,14.513,9.301,19.995
2000-05-10,14.322,10.85,19.387
2000-05-11,14.687,10.12,19.134
2000-05-12,14.525,11.613,19.235
2000-05-13,13.967,10.252,19.388
2000-05-14,14.063,10.192,19.292
2000-05-15,13.746,9.638,18.871
2000-05-16,14.35,10.55,18.659
2000-05-17,14.45,10.104,19.64
2000-05-18,14.634,9.86,19.562
2000-05-19,14.281,9.761,18.995
2000-05-20,13.91,10.431,19.145
2000-05-21,13.848,10.267,18.447
2000-05-22,13.646,8.922,19.741
2000-05-23,14.088,8.946,20.038
2000-05-24,14.275,9.021,20.05
2000-05-25,13.853,10.298,18.893
2000-05-26,13.985,9.568,18.913
2000-05-27,14.783,10.456,20.758
2000-05-28,14.072,9.496,19.101
2000-05-29,14.059,9.758,19.334
2000-05-30,13.847,9.651,18.521
2000-05-31,13.806,11.694,16.656
2000-06-01,13.723,9.175,19.69
2000-06-02,14.911,11.85,19.766
2000-06-03,15.019,9.758,21.484
2000-06-04,14.848,10.539,20.863
2000-06-05,14.234,9.616,18.866
2000-06-06,14.499,10.37,19.36
2000-06-07,14.418,10.832,20.08
2000-06-08,14.222,11.809,18.065
2000-06-09,13.618,9.133,18.466
2000-06-10,14.156,9.432,19.777
2000-06-11,14.137,8.868,19.625
2000-06-12,14.375,9.699,19.359
2000-06-13,14.107,9.878,18.55
2000-06-14,14.351,10.84,19.1
2000-06-15,13.95,9.038,19.52
2000-06-16,14.156,9.512,18.592
2000-06-17,13.872,9.543,18.324
2000-06-18,13.761,10.245,17.992
2000-06-19,13.52,10.555,16.993
2000-06-20,14.054,9.174,19.722
2000-06-21,14.362,8.741,19.78
2000-06-22,14.347,8.669,19.66
2000-06-23,14.223,10.408,18.271
2000-06-24,13.91,11.465,17.898
2000-06-25,13.937,10.116,18.984
2000-06-26,14.388,8.761,20.758
2000-06-27,14.382,8.648,20.781
2000-06-28,14.925,10.502,20.468
2000-06-29,14.329,9.232,18.718
2000-06-30,14.244,8.3,20.335
2000-07-01,15.039,9.131,21.083
2000-07-02,14.941,9.484,19.477
2000-07-03,14.76,8.939,20.223
2000-07-04,14.86,9.838,20.909
2000-07-05,13.873,9.281,19.862
2000-07-06,13.693,9.096,18.84
2000-07-07,13.964,9.237,19.542
2000-07-08,14.983,9.767,20.784
2000-07-09,14.502,7.153,22.298
2000-07-10,15.285,9.187,21.992
2000-07-11,14.809,7.96,20.922
2000-07-12,14.665,8.284,20.677
2000-07-13,14.445,10.455,18.479
2000-07-14,13.92,9.877,18.742
2000-07-15,13.96,9.508,18.995
2000-07-16,12.999,8.293,18.348
2000-07-17,14.525,10.482,19.712
2000-07-18,13.442,9.386,17.794
2000-07-19,12.798,8.113,18.497
2000-07-20,13.31,9.915,16.818
2000-07-21,13.003,9.336,16.639
2000-07-22,13.189,8.617,18.723
2000-07-23,14.315,8.475,20.68
2000-07-24,14.217,8.033,20.286
2000-07-25,14.054,7.951,20.42
2000-07-26,13.546,9.335,19.115
2000-07-27,13.51,8.465,19.46
2000-07-28,13.642,8.844,18.495
2000-07-29,13.308,8.565,18.106
2000-07-30,12.907,7.81,18.098
2000-07-31,13.438,8.232,19.483
2000-08-01,13.345,9.317,18.367
2000-08-02,13.418,8.354,19.351
2000-08-03,13.508,8.596,18.175
2000-08-04,13.731,8.098,19.338
2000-08-05,13.203,7.163,20.148
2000-08-06,13.727,9.951,18.638
2000-08-07,13.851,9.42,19.037
2000-08-08,14.329,8.592,20.179
2000-08-09,13.597,7.153,19.696
2000-08-10,13.882,7.462,20.002
2000-08-11,14.557,6.874,22.22
2000-08-12,14.11,7.084,20.701
2000-08-13,13.99,9.053,19.483
2000-08-14,13.751,8.202,19.799
2000-08-15,14.353,7.847,20.551
2000-08-16,14.184,8.706,21.086
2000-08-17,14.226,8.198,20.624
2000-08-18,14.21,7.96,20.61
2000-08-19,14.283,8.031,20.367
2000-08-20,14.773,9.133,20.45
2000-08-21,14.918,8.029,21.611
2000-08-22,15.057,8.366,21.304
2000-08-23,14.692,9.08,20.309
2000-08-24,14.951,9.008,21.55
2000-08-25,14.892,10.803,19.365
2000-08-26,14.677,9.383,19.941
2000-08-27,15.057,8.534,22.067
2000-08-28,14.894,9.634,20.437
2000-08-29,14.416,8.329,20.656
2000-08-30,14.425,9.741,19.334
2000-08-31,14.881,10.719,19.371
2000-09-01,14.128,9.925,18.347
2000-09-02,13.929,10.502,17.961
2000-09-03,14.366,9.615,20.467
2000-09-04,13.693,9.047,17.833
2000-09-05,13.404,10.662,18.442
2000-09-06,13.482,9.855,18.614
2000-09-07,13.743,9.025,19.702
2000-09-08,14.178,9.579,20.197
2000-09-09,14.427,10.155,20.083
2000-09-10,14.031,10.272,20.186
2000-09-11,14.025,9.613,19.683
2000-09-12,14.818,9.533,21.005
2000-09-13,15.126,8.903,21.149
2000-09-14,15.142,9.443,20.108
2000-09-15,14.232,9.724,19.855
2000-09-16,14.354,9.656,19.087
2000-09-17,13.651,8.46,18.823
2000-09-18,14.053,8.364,19.689
2000-09-19,13.924,8.225,19.591
2000-09-20,14.0,10.319,18.724
2000-09-21,14.109,9.646,18.522
2000-09-22,13.875,9.922,19.589
2000-09-23,13.939,10.806,18.193
2000-09-24,13.859,10.373,18.219
2000-09-25,13.775,8.689,19.71
2000-09-26,13.988,8.328,20.505
2000-09-27,13.65,9.582,17.367
2000-09-28,13.99,10.151,19.548
2000-09-29,13.657,9.698,18.427
2000-09-30,13.599,10.221,18.089
2000-10-01,13.891,9.403,19.981
2000-10-02,13.561,9.407,18.139
2000-10-03,13.462,9.244,19.163
2000-10-04,13.328,9.318,19.066
2000-10-05,13.991,9.165,20.224
2000-10-06,14.861,10.783,20.674
2000-10-07,14.511,8.956,20.336
2000-10-08,14.37,9.65,20.121
2000-10-09,14.458,9.737,20.266
2000-10-10,14.135,7.728,20.668
2000-10-11,14.22,7.547,21.479
2000-10-12,13.991,8.496,19.683
2000-10-13,13.546,8.189,19.686
2000-10-14,13.898,8.257,19.429
2000-10-15,14.066,9.129,20.091
2000-10-16,14.418,9.559,20.924
2000-10-17,14.549,9.779,20.376
2000-10-18,13.964,8.994,19.961
2000-10-19,14.065,8.968,20.297
2000-10-20,14.359,8.887,20.697
2000-10-21,13.732,9.509,19.006
2000-10-22,13.81,10.748,18.03
2000-10-23,13.96,9.813,20.149
2000-10-24,13.913,11.348,18.684
2000-10-25,13.712,11.765,17.421
2000-10-26,14.265,10.762,18.809
2000-10-27,14.208,10.304,18.319
2000-10-28,14.139,9.188,19.732
2000-10-29,14.263,9.045,20.184
2000-10-30,14.091,10.277,18.977
2000-10-31,13.874,10.817,18.127
2000-11-01,13.943,11.056,18.514
2000-11-02,13.994,11.021,18.618
2000-11-03,14.059,9.489,19.751
2000-11-04,14.206,10.643,18.566
2000-11-05,14.405,10.963,19.498
2000-11-06,14.403,11.918,19.185
2000-11-07,14.11,11.48,17.86
2000-11-08,13.258,9.75,17.558
2000-11-09,13.776,9.987,19.116
2000-11-10,13.931,11.311,17.923
2000-11-11,13.732,11.38,17.174
2000-11-12,13.161,10.83,17.577
2000-11-13,13.172,9.617,17.883
2000-11-14,13.714,11.026,17.874
2000-11-15,13.661,9.999,18.564
2000-11-16,14.552,11.4,19.643
2000-11-17,14.016,10.827,17.563
2000-11-18,13.401,10.392,17.749
2000-11-19,13.915,10.322,18.499
2000-11-20,14.894,11.875,19.328
2000-11-21,14.135,9.888,18.993
2000-11-22,14.406,8.986,19.969
2000-11-23,14.313,10.577,19.378
2000-11-24,13.778,8.1,19.669
2000-11-25,13.858,8.582,19.905
2000-11-26,13.676,7.499,20.34
2000-11-27,14.338,9.544,20.024
2000-11-28,14.1,8.744,19.846
2000-11-29,14.332,9.805,20.024
2000-11-30,14.194,7.982,20.537
2000-12-01,14.429,9.152,20.103
2000-12-02,14.21,8.054,19.828
2000-12-03,14.535,10.772,19.712
2000-12-04,13.963,10.448,18.741
2000-12-05,14.775,12.069,19.031
2000-12-06,14.192,9.121,20.352
2000-12-07,14.097,9.639,18.498
2000-12-08,14.422,9.691,20.481
2000-12-09,15.498,10.159,21.036
2000-12-10,14.432,9.263,20.116
2000-12-11,14.482,9.352,20.25
2000-12-12,14.212,8.72,20.329
2000-12-13,15.175,9.873,21.147
2000-12-14,14.792,9.76,20.132
2000-12-15,13.56,10.235,17.727
2000-12-16,13.798,10.171,18.893
2000-12-17,13.49,9.0,19.102
2000-12-18,13.114,7.594,19.457
2000-12-19,13.308,9.736,17.545
2000-12-20,13.416,11.54,16.155
2000-12-21,13.767,9.589,19.55
2000-12-22,14.06,8.785,20.68
2000-12-23,14.44,8.937,20.32
2000-12-24,14.503,9.163,19.679
2000-12-25,14.128,9.734,19.062
2000-12-26,14.154,8.524,20.505
2000-12-27,14.193,11.574,17.931
2000-12-28,14.232,10.54,19.008
2000-12-29,13.53,9.145,18.962
2000-12-30,13.614,9.68,18.669
2000-12-31,13.627,7.526,20.745
2001-01-01,14.235,7.607,21.272
2001-01-02,14.553,6.555,21.673
2001-01-03,14.764,9.668,20.609
2001-01-04,14.787,10.169,19.649
2001-01-05,14.614,10.916,19.602
2001-01-06,14.475,11.123,18.913
2001-01-07,14.768,9.807,20.582
2001-01-08,14.585,9.194,20.512
2001-01-09,14.433,9.341,19.971
2001-01-10,13.979,8.864,19.99
2001-01-11,13.756,9.283,19.568
2001-01-12,14.378,9.884,19.866
2001-01-13,14.554,10.025,20.629
2001-01-14,15.059,10.999,20.952
2001-01-15,14.412,8.761,20.437
2001-01-16,14.207,9.08,19.556
2001-01-17,13.918,10.566,18.568
2001-01-18,13.851,9.582,19.941
2001-01-19,13.921,8.333,20.172
2001-01-20,14.06,11.295,18.263
2001-01-21,13.744,9.318,19.649
2001-01-22,13.711,9.345,19.179
2001-01-23,13.709,10.201,19.027
2001-01-24,13.757,8.287,19.553
2001-01-25,13.998,8.927,19.932
2001-01-26,15.002,10.221,21.11
2001-01-27,14.718,8.218,21.113
2001-01-28,15.207,10.165,20.881
2001-01-29,14.646,7.828,20.979
2001-01-30,14.716,8.252,21.205
2001-01-31,15.046,10.773,20.482
2001-02-01,14.865,9.883,20.591
2001-02-02,14.522,8.676,20.714
2001-02-03,13.93,8.629,20.123
2001-02-04,14.305,9.34,20.737
2001-02-05,13.956,7.525,20.15
2001-02-06,14.42,8.842,20.575
2001-02-07,14.547,8.657,21.413
2001-02-08,13.975,8.129,20.926
2001-02-09,13.708,8.555,20.246
2001-02-10,14.186,7.717,21.948
2001-02-11,14.394,7.099,21.962
2001-02-12,14.714,7.998,21.938
2001-02-13,15.277,8.728,22.007
2001-02-14,15.608,8.915,22.408
2001-02-15,16.352,11.614,22.724
2001-02-16,15.904,11.525,21.68
2001-02-17,15.304,11.599,21.118
2001-02-18,14.603,9.927,19.881
2001-02-19,15.532,11.717,21.24
2001-02-20,14.697,10.629,19.524
2001-02-21,13.643,10.105,18.458
2001-02-22,13.696,10.846,17.896
2001-02-23,14.175,10.236,19.649
2001-02-24,14.33,11.603,18.75
2001-02-25,14.384,10.462,19.484
2001-02-26,13.726,10.799,18.865
2001-02-27,13.594,9.871,19.383
2001-02-28,13.583,10.209,18.687
2001-03-01,13.419,9.174,18.63
2001-03-02,13.574,9.488,20.077
2001-03-03,14.271,9.578,20.822
2001-03-04,14.15,9.019,20.411
2001-03-05,14.491,10.818,20.08
2001-03-06,14.232,11.514,19.046
2001-03-07,14.17,10.505,19.394
2001-03-08,14.225,9.528,19.315
2001-03-09,13.996,8.802,20.13
2001-03-10,14.78,10.052,20.845
2001-03-11,14.634,8.837,21.261
2001-03-12,14.816,9.547,20.785
2001-03-13,15.161,9.162,21.447
2001-03-14,15.302,11.331,20.401
2001-03-15,14.068,9.334,19.598
2001-03-16,14.202,10.77,18.983
2001-03-17,14.413,10.245,19.146
2001-03-18,14.897,12.007,19.727
2001-03-19,14.638,11.4,19.529
2001-03-20,14.552,10.722,19.673
2001-03-21,14.217,12.204,18.112
2001-03-22,13.603,10.923,17.13
2001-03-23,14.17,9.27,19.847
2001-03-24,14.015,9.159,19.445
2001-03-25,14.255,9.625,19.51
2001-03-26,14.634,8.114,20.878
2001-03-27,14.994,9.698,19.945
2001-03-28,15.068,9.262,21.929
2001-03-29,15.52,9.635,21.58
2001-03-30,15.247,9.555,21.254
2001-03-31,15.567,10.018,21.204
2001-04-01,15.146,9.958,21.231
2001-04-02,15.14,9.097,21.024
2001-04-03,15.217,9.145,21.932
2001-04-04,15.207,9.923,21.003
2001-04-05,14.584,10.945,20.266
2001-04-06,14.694,9.774,20.777
2001-04-07,15.247,9.853,21.325
2001-04-08,15.543,9.747,21.345
2001-04-09,15.076,9.553,21.416
2001-04-10,15.028,9.846,21.194
2001-04-11,15.029,9.644,21.603
2001-04-12,15.383,10.997,21.067
2001-04-13,15.004,10.127,21.244
2001-04-14,14.683,11.087,20.022
2001-04-15,14.303,10.828,19.56
2001-04-16,14.578,10.528,20.414
2001-04-17,14.334,10.827,18.849
2001-04-18,14.29,9.667,19.82
2001-04-19,14.571,9.845,20.15
2001-04-20,14.881,11.075,20.762
2001-04-21,15.474,9.444,21.831
2001-04-22,14.6,8.491,20.542
2001-04-23,14.562,10.891,19.043
2001-04-24,14.612,11.807,19.229
2001-04-25,15.382,10.043,21.729
2001-04-26,14.58,9.205,20.007
2001-04-27,14.881,10.106,20.411
2001-04-28,15.053,10.696,22.778
2001-04-29,14.839,9.815,20.318
2001-04-30,14.801,9.608,20.029
2001-05-01,14.775,11.564,19.143
2001-05-02,14.921,11.465,20.419
2001-05-03,14.313,10.427,19.262
2001-05-04,14.416,9.39,20.428
2001-05-05,14.89,10.08,20.337
2001-05-06,14.865,10.771,20.276
2001-05-07,14.85,10.75,20.315
2001-05-08,14.93,12.059,18.719
2001-05-09,14.544,12.778,17.017
2001-05-10,14.61,11.43,19.548
2001-05-11,14.909,9.195,21.414
2001-05-12,15.916,10.597,22.258
2001-05-13,14.485,8.713,20.401
2001-05-14,14.72,9.086,20.379
2001-05-15,14.737,10.811,19.894
2001-05-16,14.192,9.847,19.106
2001-05-17,14.866,9.834,20.44
2001-05-18,15.434,9.678,20.895
2001-05-19,14.711,10.166,21.028
2001-05-20,14.736,11.075,18.287
2001-05-21,14.347,11.539,17.715
2001-05-22,14.001,9.838,19.485
2001-05-23,14.32,9.253,20.331
2001-05-24,14.61,9.147,20.16
2001-05-25,14.577,10.078,20.425
2001-05-26,14.08,10.829,18.407
2001-05-27,13.727,10.058,19.091
2001-05-28,13.861,9.219,18.344
2001-05-29,14.233,8.416,19.919
2001-05-30,14.494,9.289,19.33
2001-05-31,14.129,8.469,19.86
2001-06-01,13.915,11.166,17.903
2001-06-02,13.464,10.63,17.255
2001-06-03,13.67,10.441,17.847
2001-06-04,13.519,8.089,18.42
2001-06-05,13.57,8.095,19.605
2001-06-06,14.126,10.102,19.667
2001-06-07,14.197,8.939,19.764
2001-06-08,14.397,9.23,20.279
2001-06-09,14.765,9.598,21.117
2001-06-10,14.519,8.475,20.605
2001-06-11,14.944,9.692,21.428
2001-06-12,14.173,9.888,20.441
2001-06-13,13.445,9.298,18.415
2001-06-14,13.927,9.432,18.987
2001-06-15,13.787,9.113,19.235
2001-06-16,14.601,9.047,21.4
2001-06-17,14.812,9.781,20.882
2001-06-18,14.787,9.137,20.939
2001-06-19,14.722,10.466,19.835
2001-06-20,14.234,9.507,19.131
2001-06-21,14.105,10.123,18.933
2001-06-22,13.665,8.302,19.787
2001-06-23,14.314,8.937,20.752
2001-06-24,13.958,7.975,19.6
2001-06-25,14.773,11.437,19.071
2001-06-26,15.233,9.329,21.902
2001-06-27,15.372,10.746,21.564
2001-06-28,14.531,9.064,21.213
2001-06-29,14.113,9.336,20.579
2001-06-30,14.156,10.506,18.435
2001-07-01,14.307,10.084,19.381
2001-07-02,14.999,8.601,21.038
2001-07-03,15.194,9.225,20.928
2001-07-04,15.362,9.233,22.23
2001-07-05,14.776,9.304,19.696
2001-07-06,14.005,9.757,19.263
2001-07-07,13.762,8.816,18.915
2001-07-08,14.323,10.11,20.199
2001-07-09,14.025,10.021,19.137
2001-07-10,14.095,9.714,19.259
2001-07-11,14.385,10.625,19.766
2001-07-12,15.03,9.42,21.086
2001-07-13,14.669,9.117,20.227
2001-07-14,14.349,7.773,18.981
2001-07-15,13.835,9.472,18.548
2001-07-16,13.955,10.073,19.461
2001-07-17,14.038,8.922,20.088
2001-07-18,14.276,8.03,19.518
2001-07-19,14.433,10.126,18.442
2001-07-20,13.764,8.545,18.858
2001-07-21,13.76,8.825,18.743
2001-07-22,13.079,7.82,18.593
2001-07-23,13.126,8.619,18.055
2001-07-24,13.771,8.023,20.14
2001-07-25,13.876,7.351,20.664
2001-07-26,13.75,8.684,19.156
2001-07-27,13.644,8.139,19.524
2001-07-28,13.601,9.203,18.555
2001-07-29,14.018,9.174,19.294
2001-07-30,14.448,9.416,19.591
2001-07-31,13.715,8.432,19.135
2001-08-01,14.149,9.231,20.717
2001-08-02,14.747,9.578,20.722
2001-08-03,13.923,8.023,20.725
2001-08-04,14.079,8.777,19.774
2001-08-05,13.878,9.269,19.29
2001-08-06,14.258,9.231,19.714
2001-08-07,14.263,8.649,20.581
2001-08-08,14.319,10.203,19.669
2001-08-09,14.591,9.938,21.288
2001-08-10,14.176,8.409,20.868
2001-08-11,14.458,9.475,21.056
2001-08-12,14.541,9.747,20.045
2001-08-13,14.264,9.262,20.403
2001-08-14,14.901,9.426,20.544
2001-08-15,15.427,9.501,21.717
2001-08-16,15.421,9.955,21.526
2001-08-17,14.916,9.322,21.103
2001-08-18,15.299,9.257,21.648
2001-08-19,14.666,8.849,21.254
2001-08-20,15.589,9.473,22.212
2001-08-21,15.796,10.484,22.07
2001-08-22,14.93,10.336,20.824
2001-08-23,14.354,7.28,21.357
2001-08-24,14.496,8.82,20.786
2001-08-25,14.688,9.383,19.721
2001-08-26,14.416,8.845,19.683
2001-08-27,15.501,8.951,22.013
2001-08-28,15.352,9.944,21.894
2001-08-29,15.15,9.018,22.162
2001-08-30,15.348,8.069,22.386
2001-08-31,14.973,8.5,22.334
2001-09-01,14.682,9.333,20.658
2001-09-02,13.924,9.589,18.6
2001-09-03,14.624,9.954,20.611
2001-09-04,14.568,9.564,19.34
2001-09-05,14.315,9.671,19.442
2001-09-06,14.495,8.042,21.546
2001-09-07,14.592,10.051,20.513
2001-09-08,14.205,9.569,20.508
2001-09-09,14.216,8.649,19.03
2001-09-10,14.19,8.463,19.932
2001-09-11,13.941,9.835,18.165
2001-09-12,13.825,10.281,18.505
2001-09-13,13.932,11.024,18.61
2001-09-14,13.944,11.485,18.114
2001-09-15,14.0,8.74,20.065
2001-09-16,14.929,8.449,22.038
2001-09-17,14.926,8.074,20.898
2001-09-18,13.953,10.102,18.748
2001-09-19,13.547,8.528,19.77
2001-09-20,13.53,8.805,19.096
2001-09-21,14.137,8.983,20.631
2001-09-22,13.698,9.115,19.823
2001-09-23,14.107,9.393,18.813
2001-09-24,13.906,8.764,19.437
2001-09-25,14.758,9.543,20.373
2001-09-26,15.068,9.857,21.562
2001-09-27,14.057,9.22,19.859
2001-09-28,13.817,10.069,19.036
2001-09-29,13.934,8.307,20.513
2001-09-30,13.9,10.386,18.14
2001-10-01,14.481,9.418,20.7
2001-10-02,15.027,9.884,20.817
2001-10-03,15.07,9.24,21.818
2001-10-04,14.698,8.342,22.364
2001-10-05,14.638,9.318,20.241
2001-10-06,15.227,10.17,20.58
2001-10-07,14.714,11.121,19.067
2001-10-08,14.602,8.501,20.615
2001-10-09,15.379,9.727,21.311
2001-10-10,14.271,10.354,18.488
2001-10-11,14.47,9.555,20.707
2001-10-12,15.284,9.757,21.57
2001-10-13,15.911,11.039,21.841
2001-10-14,15.297,10.584,20.224
2001-10-15,14.418,11.013,19.509
2001-10-16,14.275,10.877,19.38
2001-10-17,14.243,11.656,18.637
2001-10-18,13.894,11.872,17.792
2001-10-19,14.811,10.945,21.191
2001-10-20,14.927,10.685,20.218
2001-10-21,14.7,9.7,20.175
2001-10-22,14.292,10.907,18.784
2001-10-23,13.679,9.728,19.118
2001-10-24,14.121,9.91,19.673
2001-10-25,14.796,10.346,20.151
2001-10-26,14.757,8.884,21.605
2001-10-27,14.492,11.265,19.82
2001-10-28,14.359,10.6,20.144
2001-10-29,14.553,10.405,19.848
2001-10-30,14.362,11.592,18.626
2001-10-31,13.704,11.248,17.655
2001-11-01,13.248,11.355,16.856
2001-11-02,12.784,10.791,16.63
2001-11-03,13.789,11.149,18.571
2001-11-04,14.579,11.264,19.328
2001-11-05,14.959,11.437,20.545
2001-11-06,15.16,10.205,20.24
2001-11-07,14.854,9.436,19.541
2001-11-08,14.433,8.383,20.111
2001-11-09,14.702,11.315,20.458
2001-11-10,14.169,10.191,19.941
2001-11-11,14.769,10.433,20.107
2001-11-12,14.558,9.207,20.544
2001-11-13,14.273,10.234,19.945
2001-11-14,14.049,10.483,18.928
2001-11-15,14.477,11.175,19.221
2001-11-16,14.412,8.805,20.612
2001-11-17,15.157,8.961,21.326
2001-11-18,15.33,11.645,19.342
2001-11-19,14.608,10.175,20.459
2001-11-20,14.577,10.809,19.295
2001-11-21,14.812,11.386,19.357
2001-11-22,14.641,10.083,19.846
2001-11-23,14.338,8.61,20.287
2001-11-24,14.272,9.273,20.388
2001-11-25,14.225,10.53,19.068
2001-11-26,13.864,9.784,18.882
2001-11-27,13.933,10.737,18.059
2001-11-28,13.698,10.718,17.762
2001-11-29,13.834,10.628,17.735
2001-11-30,14.724,10.539,19.625
2001-12-01,14.779,11.09,19.873
2001-12-02,13.629,9.897,18.37
2001-12-03,14.394,10.621,19.625
2001-12-04,14.459,9.751,20.017
2001-12-05,14.977,10.675,20.079
2001-12-06,15.185,12.564,19.563
2001-12-07,15.124,12.207,19.544
2001-12-08,14.609,11.303,19.553
2001-12-09,14.631,10.926,20.609
2001-12-10,14.587,10.31,20.531
2001-12-11,15.15,10.918,20.074
2001-12-12,15.236,10.705,20.894
2001-12-13,14.639,11.329,19.511
2001-12-14,14.196,10.852,18.858
2001-12-15,14.461,11.854,18.726
2001-12-16,14.843,11.541,19.766
2001-12-17,14.816,11.621,19.694
2001-12-18,14.175,10.182,19.707
2001-12-19,15.066,12.199,19.943
2001-12-20,14.852,10.454,20.467
2001-12-21,15.051,12.097,19.391
2001-12-22,14.991,11.575,19.543
2001-12-23,15.356,11.266,20.525
2001-12-24,14.748,10.262,20.08
2001-12-25,14.755,11.804,18.928
2001-12-26,14.542,11.184,19.643
2001-12-27,14.072,10.604,18.007
2001-12-28,15.161,11.149,20.263
2001-12-29,15.7,11.039,20.781
2001-12-30,15.169,10.04,20.944
2001-12-31,14.912,9.45,20.27
2002-01-01,14.767,11.194,19.492
2002-01-02,14.747,8.581,20.84
2002-01-03,14.569,7.282,21.277
2002-01-04,14.442,8.706,20.383
2002-01-05,15.013,9.558,21.167
2002-01-06,15.79,12.216,20.161
2002-01-07,14.67,10.81,19.671
2002-01-08,13.936,9.883,18.044
2002-01-09,13.965,9.885,19.237
2002-01-10,13.909,8.728,19.546
2002-01-11,14.143,10.14,19.137
2002-01-12,13.997,11.039,17.892
2002-01-13,14.8,11.725,20.203
2002-01-14,14.875,10.332,20.454
2002-01-15,14.604,9.458,19.835
2002-01-16,14.493,10.009,19.904
2002-01-17,14.987,10.41,21.112
2002-01-18,14.766,9.185,20.837
2002-01-19,14.347,7.636,21.443
2002-01-20,14.484,9.827,20.345
2002-01-21,14.556,9.939,20.358
2002-01-22,14.866,9.109,21.997
2002-01-23,14.406,8.57,20.728
2002-01-24,14.866,9.686,21.419
2002-01-25,15.382,9.021,22.165
2002-01-26,15.789,8.442,22.948
2002-01-27,15.538,8.122,23.011
2002-01-28,15.277,8.871,21.695
2002-01-29,15.471,9.818,21.529
2002-01-30,14.888,9.567,21.015
2002-01-31,14.544,8.727,20.427
2002-02-01,15.383,10.267,22.647
2002-02-02,15.286,10.248,21.54
2002-02-03,14.663,10.567,20.484
2002-02-04,14.116,10.253,19.426
2002-02-05,14.43,11.2,18.871
2002-02-06,14.04,9.083,19.741
2002-02-07,14.239,11.4,18.602
2002-02-08,13.892,9.969,18.381
2002-02-09,13.582,9.597,18.363
2002-02-10,14.278,9.532,19.854
2002-02-11,15.08,11.589,19.962
2002-02-12,14.926,10.92,20.682
2002-02-13,15.142,9.942,20.883
2002-02-14,15.237,10.433,20.894
2002-02-15,15.577,10.324,22.055
2002-02-16,15.987,11.469,22.787
2002-02-17,15.719,8.975,22.244
2002-02-18,16.157,11.887,21.944
2002-02-19,15.788,11.407,21.611
2002-02-20,15.412,9.655,22.232
2002-02-21,16.309,11.551,22.286
2002-02-22,15.57,9.966,22.023
2002-02-23,15.787,11.8,21.717
2002-02-24,16.04,9.781,22.828
2002-02-25,16.522,9.844,23.536
2002-02-26,16.275,12.705,22.004
2002-02-27,15.092,10.715,20.363
2002-02-28,15.416,11.136,21.26
2002-03-01,16.151,11.329,22.859
2002-03-02,16.279,8.637,24.184
2002-03-03,16.171,11.732,22.551
2002-03-04,15.361,9.548,21.075
2002-03-05,14.874,9.786,20.973
2002-03-06,15.066,9.917,21.358
2002-03-07,15.621,10.91,22.022
2002-03-08,15.577,10.551,21.947
2002-03-09,16.238,11.466,22.11
2002-03-10,16.612,11.824,23.448
2002-03-11,15.611,10.772,21.284
2002-03-12,14.532,11.292,19.225
2002-03-13,14.713,10.593,20.966
2002-03-14,15.415,10.362,21.155
2002-03-15,15.097,11.126,20.431
2002-03-16,14.966,11.312,21.301
2002-03-17,14.621,10.902,20.509
2002-03-18,14.672,10.652,20.434
2002-03-19,14.537,10.866,20.049
2002-03-20,14.511,10.655,19.77
2002-03-21,14.67,12.084,18.983
2002-03-22,14.339,11.798,17.777
2002-03-23,15.025,11.385,20.973
2002-03-24,14.976,9.768,21.106
2002-03-25,15.507,9.142,22.357
2002-03-26,15.899,10.488,22.445
2002-03-27,15.459,11.633,20.656
2002-03-28,14.85,11.129,20.611
2002-03-29,14.601,11.365,19.787
2002-03-30,14.617,9.934,19.943
2002-03-31,16.145,11.473,21.142
2002-04-01,15.289,10.657,20.848
2002-04-02,14.604,10.347,20.224
2002-04-03,14.95,12.176,19.42
2002-04-04,14.969,9.964,20.863
2002-04-05,15.202,11.008,20.84
2002-04-06,14.612,10.123,19.156
2002-04-07,14.379,11.459,18.657
2002-04-08,13.99,11.694,18.777
2002-04-09,13.831,11.946,17.558
2002-04-10,13.816,10.686,18.451
2002-04-11,13.493,9.919,18.815
2002-04-12,13.936,10.387,19.36
2002-04-13,13.924,10.389,18.583
2002-04-14,13.685,9.972,18.857
2002-04-15,14.427,10.66,19.936
2002-04-16,14.541,9.457,20.854
2002-04-17,14.888,11.737,20.573
2002-04-18,14.283,11.475,17.743
2002-04-19,14.161,9.945,19.632
2002-04-20,14.632,10.65,19.793
2002-04-21,15.114,11.743,19.926
2002-04-22,15.103,10.077,21.035
2002-04-23,15.476,11.222,21.155
2002-04-24,14.888,12.541,18.004
2002-04-25,14.191,12.256,19.008
2002-04-26,14.288,10.735,20.111
2002-04-27,14.086,10.778,19.438
2002-04-28,14.332,10.978,19.1
2002-04-29,14.384,10.823,19.332
2002-04-30,14.474,10.477,20.089
2002-05-01,14.31,10.308,19.463
2002-05-02,14.909,10.213,21.164
2002-05-03,14.714,10.396,20.106
2002-05-04,15.049,8.719,21.291
2002-05-05,15.238,8.952,21.649
2002-05-06,15.369,9.114,22.441
2002-05-07,15.332,9.727,20.352
2002-05-08,14.811,9.479,21.208
2002-05-09,14.885,10.502,20.738
2002-05-10,15.06,9.977,21.418
2002-05-11,15.095,10.525,20.409
2002-05-12,15.56,10.237,21.687
2002-05-13,15.322,10.861,20.841
2002-05-14,15.595,10.287,22.028
2002-05-15,15.784,11.087,21.269
2002-05-16,15.781,10.808,21.595
2002-05-17,15.474,13.208,19.286
2002-05-18,14.85,11.619,19.489
2002-05-19,14.708,10.532,20.447
2002-05-20,14.959,10.584,20.507
2002-05-21,14.66,10.545,19.843
2002-05-22,14.292,11.552,18.057
2002-05-23,13.956,10.514,18.517
2002-05-24,15.13,10.57,21.358
2002-05-25,14.52,10.289,18.8
2002-05-26,14.094,11.713,17.736
2002-05-27,14.126,11.519,18.532
2002-05-28,13.74,10.791,17.475
2002-05-29,13.572,11.397,17.431
2002-05-30,14.104,11.806,17.617
2002-05-31,14.179,11.715,17.341
2002-06-01,13.909,9.722,18.987
2002-06-02,14.717,11.162,19.304
2002-06-03,14.673,10.106,18.668
2002-06-04,14.138,9.222,19.392
2002-06-05,13.557,11.494,16.495
2002-06-06,13.501,11.285,16.891
2002-06-07,13.784,10.832,18.883
2002-06-08,13.582,8.778,19.706
2002-06-09,14.357,9.096,19.607
2002-06-10,14.185,8.855,21.141
2002-06-11,14.283,9.814,20.195
2002-06-12,14.565,10.51,19.68
2002-06-13,14.288,9.613,18.778
2002-06-14,14.452,9.718,19.557
2002-06-15,14.406,8.177,20.359
2002-06-16,14.297,8.403,20.566
2002-06-17,14.406,9.637,20.482
2002-06-18,14.284,9.343,20.061
2002-06-19,14.714,10.022,20.541
2002-06-20,14.515,9.294,19.934
2002-06-21,13.983,8.896,19.509
2002-06-22,15.27,9.96,21.722
2002-06-23,14.926,10.741,21.006
2002-06-24,14.546,10.672,19.737
2002-06-25,14.77,9.726,20.752
2002-06-26,14.867,9.517,20.449
2002-06-27,14.991,10.049,21.098
2002-06-28,15.337,11.747,20.087
2002-06-29,14.807,10.535,19.813
2002-06-30,15.439,10.479,21.627
2002-07-01,15.064,9.057,22.05
2002-07-02,15.614,9.441,22.977
2002-07-03,15.349,8.989,21.056
2002-07-04,15.899,10.372,21.342
2002-07-05,14.854,10.471,20.747
2002-07-06,14.076,11.235,17.917
2002-07-07,13.954,9.957,19.617
2002-07-08,15.295,9.513,22.07
2002-07-09,15.741,9.323,21.267
2002-07-10,15.274,9.802,22.028
2002-07-11,14.682,9.336,21.009
2002-07-12,14.811,8.827,21.539
2002-07-13,14.971,8.349,22.006
2002-07-14,14.739,9.306,20.12
2002-07-15,14.735,9.179,19.944
2002-07-16,14.425,9.898,20.177
2002-07-17,14.552,9.015,21.038
2002-07-18,14.05,9.732,19.695
2002-07-19,13.952,8.529,19.267
2002-07-20,14.511,10.719,19.427
2002-07-21,13.633,10.745,17.15
2002-07-22,14.406,8.741,20.383
2002-07-23,14.747,9.222,21.128
2002-07-24,14.877,10.341,20.236
2002-07-25,14.539,9.417,18.408
2002-07-26,14.379,7.344,22.057
2002-07-27,14.356,8.029,20.28
2002-07-28,14.873,8.715,20.896
2002-07-29,14.773,8.801,21.454
2002-07-30,14.018,7.36,20.456
2002-07-31,13.493,8.181,18.681
2002-08-01,14.012,7.963,20.041
2002-08-02,14.524,8.16,20.828
2002-08-03,14.788,7.74,21.684
2002-08-04,14.63,9.708,20.073
2002-08-05,14.23,8.614,20.057
2002-08-06,15.236,8.422,21.648
2002-08-07,15.15,9.008,20.783
2002-08-08,14.403,9.03,20.658
2002-08-09,14.14,9.745,19.732
2002-08-10,14.629,8.306,20.12
2002-08-11,14.469,8.54,20.501
2002-08-12,14.313,8.104,20.272
2002-08-13,15.053,7.984,21.708
2002-08-14,15.533,9.299,22.475
2002-08-15,15.73,10.113,22.175
2002-08-16,15.727,9.706,22.621
2002-08-17,15.195,7.69,23.106
2002-08-18,15.241,8.364,21.529
2002-08-19,14.941,10.478,19.206
2002-08-20,14.839,10.33,19.482
2002-08-21,15.533,8.743,22.066
2002-08-22,15.395,8.841,21.93
2002-08-23,14.875,9.653,20.169
2002-08-24,14.646,8.515,20.151
2002-08-25,15.41,10.357,21.236
2002-08-26,14.688,10.415,19.082
2002-08-27,14.528,9.911,20.142
2002-08-28,15.067,11.033,20.929
2002-08-29,14.46,11.373,18.412
2002-08-30,14.244,9.594,20.069
2002-08-31,14.542,10.768,18.952
2002-09-01,14.791,10.572,19.366
2002-09-02,14.983,9.893,21.03
2002-09-03,14.783,9.086,20.113
2002-09-04,14.784,7.476,22.434
2002-09-05,15.283,9.013,21.777
2002-09-06,15.034,8.846,21.574
2002-09-07,15.24,8.298,23.22
2002-09-08,15.432,7.993,23.233
2002-09-09,15.623,11.486,20.396
2002-09-10,14.729,10.008,20.319
2002-09-11,14.069,10.045,18.433
2002-09-12,14.644,10.283,20.397
2002-09-13,14.868,8.359,21.271
2002-09-14,14.752,9.525,20.466
2002-09-15,14.646,8.556,21.02
2002-09-16,15.517,10.414,21.595
2002-09-17,14.772,9.76,20.448
2002-09-18,14.224,10.616,19.323
2002-09-19,14.118,9.513,19.62
2002-09-20,14.097,8.684,20.485
2002-09-21,15.057,8.417,23.068
2002-09-22,14.972,8.005,22.813
2002-09-23,15.569,10.466,21.49
2002-09-24,15.126,11.259,20.017
2002-09-25,14.274,9.723,19.376
2002-09-26,14.281,11.235,18.889
2002-09-27,14.281,9.83,18.411
2002-09-28,14.042,9.542,19.883
2002-09-29,14.003,8.206,20.352
2002-09-30,15.058,8.396,22.078
2002-10-01,14.827,8.96,20.703
2002-10-02,15.175,8.572,21.227
2002-10-03,15.603,8.793,23.177
2002-10-04,15.734,9.891,22.559
2002-10-05,15.073,8.725,21.965
2002-10-06,15.53,9.985,22.319
2002-10-07,14.78,10.601,19.686
2002-10-08,14.592,10.926,19.637
2002-10-09,14.935,9.348,21.143
2002-10-10,15.202,10.107,21.178
2002-10-11,14.931,10.461,20.021
2002-10-12,14.648,8.741,20.196
2002-10-13,14.25,8.874,20.828
2002-10-14,15.535,9.8,21.645
2002-10-15,15.234,9.723,21.43
2002-10-16,14.331,10.363,20.774
2002-10-17,14.403,10.244,19.382
2002-10-18,14.239,9.349,19.909
2002-10-19,14.677,10.252,20.676
2002-10-20,14.76,10.063,19.917
2002-10-21,14.387,9.645,19.454
2002-10-22,14.168,9.849,19.344
2002-10-23,14.275,10.627,18.614
2002-10-24,14.249,11.11,19.319
2002-10-25,14.23,9.965,19.731
2002-10-26,14.666,11.327,19.744
2002-10-27,14.13,11.176,18.905
2002-10-28,14.265,10.716,19.071
2002-10-29,13.954,11.494,17.41
2002-10-30,13.456,11.003,16.49
2002-10-31,13.973,10.007,18.705
2002-11-01,13.957,8.076,20.088
2002-11-02,13.472,8.857,18.968
2002-11-03,13.368,9.766,18.524
2002-11-04,13.991,10.158,19.636
2002-11-05,14.055,9.657,19.658
2002-11-06,13.498,7.969,19.527
2002-11-07,13.504,10.146,18.037
2002-11-08,13.431,11.788,16.193
2002-11-09,13.697,10.098,18.772
2002-11-10,13.875,8.859,19.466
2002-11-11,14.177,7.442,20.654
2002-11-12,14.208,7.943,20.763
2002-11-13,14.692,11.546,19.134
2002-11-14,13.611,10.163,18.233
2002-11-15,14.434,9.134,20.509
2002-11-16,14.746,9.512,20.25
2002-11-17,13.886,8.537,19.581
2002-11-18,14.041,9.931,19.545
2002-11-19,14.289,10.162,20.231
2002-11-20,14.774,9.822,21.217
2002-11-21,14.98,9.1,20.361
2002-11-22,14.509,8.628,21.007
2002-11-23,14.451,8.178,21.125
2002-11-24,15.351,12.073,19.689
2002-11-25,14.914,8.719,21.327
2002-11-26,15.801,10.113,21.452
2002-11-27,15.721,9.777,21.695
2002-11-28,15.568,10.014,20.615
2002-11-29,15.199,9.297,21.622
2002-11-30,15.368,10.05,21.415
2002-12-01,15.252,9.79,21.218
2002-12-02,15.542,9.34,21.722
2002-12-03,15.763,9.313,21.965
2002-12-04,15.594,9.543,21.749
2002-12-05,15.109,9.559,21.171
2002-12-06,15.017,10.906,20.546
2002-12-07,15.492,12.155,19.882
2002-12-08,15.251,11.38,20.367
2002-12-09,15.014,11.995,19.858
2002-12-10,14.768,9.207,20.33
2002-12-11,15.694,11.915,20.464
2002-12-12,16.234,12.565,21.504
2002-12-13,16.365,11.407,21.618
2002-12-14,15.856,12.82,19.826
2002-12-15,14.938,13.123,18.747
2002-12-16,14.286,10.396,19.916
2002-12-17,13.761,11.877,17.186
2002-12-18,14.158,11.657,18.093
2002-12-19,14.561,10.269,20.263
2002-12-20,14.638,10.169,19.282
2002-12-21,14.586,10.426,20.288
2002-12-22,14.454,8.334,21.423
2002-12-23,15.029,9.26,21.295
2002-12-24,15.591,9.045,21.778
2002-12-25,15.216,9.418,21.007
2002-12-26,15.568,9.871,20.846
2002-12-27,15.669,9.604,22.042
2002-12-28,15.582,10.101,20.827
2002-12-29,15.349,10.971,20.137
2002-12-30,15.668,12.002,20.537
2002-12-31,15.93,10.689,22.385
2003-01-01,16.022,10.709,21.723
2003-01-02,15.546,8.801,22.49
2003-01-03,15.745,10.196,21.382
2003-01-04,14.904,8.995,21.794
2003-01-05,15.796,9.534,22.414
2003-01-06,15.709,9.4,22.225
2003-01-07,16.226,9.263,23.048
2003-01-08,15.978,10.157,22.557
2003-01-09,16.376,11.215,22.145
2003-01-10,16.177,9.345,23.724
2003-01-11,16.295,9.469,23.314
2003-01-12,16.886,11.284,22.848
2003-01-13,16.54,11.504,22.074
2003-01-14,16.61,12.592,22.188
2003-01-15,16.157,12.313,21.261
2003-01-16,16.096,12.328,21.48
2003-01-17,16.429,13.334,21.453
2003-01-18,15.885,13.39,19.938
2003-01-19,15.112,12.629,20.644
2003-01-20,14.855,11.258,19.385
2003-01-21,15.054,11.265,20.038
2003-01-22,14.741,9.686,20.305
2003-01-23,14.02,8.595,19.407
2003-01-24,14.424,9.239,20.653
2003-01-25,15.491,10.669,21.728
2003-01-26,15.993,12.731,20.887
2003-01-27,15.59,12.035,20.404
2003-01-28,15.421,10.634,21.495
2003-01-29,16.184,10.478,23.334
2003-01-30,16.286,10.956,21.927
2003-01-31,15.745,11.485,20.498
2003-02-01,15.28,11.022,20.987
2003-02-02,15.8,12.649,20.825
2003-02-03,16.489,11.378,23.522
2003-02-04,16.927,9.319,24.6
2003-02-05,17.016,11.397,23.337
2003-02-06,17.0,10.746,24.065
2003-02-07,16.678,11.803,22.909
2003-02-08,15.286,10.58,21.484
2003-02-09,15.072,10.025,21.766
2003-02-10,15.18,10.538,21.143
2003-02-11,15.863,12.685,20.454
2003-02-12,15.575,12.185,20.139
2003-02-13,15.487,10.948,21.538
2003-02-14,15.677,11.612,20.995
2003-02-15,15.835,11.347,21.399
2003-02-16,15.242,12.009,19.166
2003-02-17,15.347,12.723,19.774
2003-02-18,15.027,10.39,20.298
2003-02-19,14.993,11.165,20.932
2003-02-20,15.369,10.93,20.675
2003-02-21,15.924,12.625,20.993
2003-02-22,15.735,13.118,20.243
2003-02-23,15.41,11.031,20.466
2003-02-24,15.386,12.487,20.006
2003-02-25,15.785,12.652,20.989
2003-02-26,14.977,10.818,20.408
2003-02-27,14.93,10.634,19.986
2003-02-28,15.208,8.67,21.541
2003-03-01,16.184,11.158,22.724
2003-03-02,16.31,10.674,21.779
2003-03-03,16.267,12.687,21.512
2003-03-04,15.806,8.854,23.153
2003-03-05,16.511,9.24,24.001
2003-03-06,16.465,8.985,24.129
2003-03-07,16.901,11.738,23.975
2003-03-08,16.472,10.149,22.969
2003-03-09,17.215,12.882,23.732
2003-03-10,16.46,12.618,21.704
2003-03-11,17.065,13.635,22.46
2003-03-12,16.713,10.684,23.148
2003-03-13,16.123,11.135,21.695
2003-03-14,15.317,11.424,20.817
2003-03-15,15.728,13.215,20.419
2003-03-16,14.209,10.688,18.472
2003-03-17,14.334,10.973,19.051
2003-03-18,14.558,9.581,19.634
2003-03-19,14.541,11.44,18.91
2003-03-20,14.485,10.215,19.74
2003-03-21,14.609,10.765,20.216
2003-03-22,14.945,11.346,19.683
2003-03-23,15.474,12.536,19.954
2003-03-24,14.927,10.167,20.553
2003-03-25,14.943,10.486,19.779
2003-03-26,14.705,12.376,19.437
2003-03-27,14.005,10.318,19.91
2003-03-28,14.908,11.639,20.205
2003-03-29,14.93,10.184,20.607
2003-03-30,14.805,10.279,20.583
2003-03-31,14.621,10.983,20.107
2003-04-01,15.256,11.706,20.006
2003-04-02,16.322,9.911,23.435
2003-04-03,16.568,10.392,21.986
2003-04-04,15.703,10.905,21.81
2003-04-05,15.83,10.529,21.897
2003-04-06,16.21,10.364,21.813
2003-04-07,15.824,10.154,21.546
2003-04-08,14.94,11.591,20.149
2003-04-09,14.943,12.424,18.989
2003-04-10,14.606,11.587,18.649
2003-04-11,14.659,10.382,20.341
2003-04-12,15.079,12.367,18.974
2003-04-13,14.555,11.581,19.333
2003-04-14,14.656,11.337,20.024
2003-04-15,14.313,10.666,19.638
2003-04-16,14.948,11.594,20.091
2003-04-17,14.091,10.808,18.042
2003-04-18,14.179,9.061,20.005
2003-04-19,14.754,11.524,19.908
2003-04-20,14.676,11.311,20.278
2003-04-21,14.556,11.648,18.321
2003-04-22,14.142,10.079,18.505
2003-04-23,14.096,9.348,19.476
2003-04-24,14.396,9.736,20.098
2003-04-25,14.301,11.759,18.826
2003-04-26,14.724,10.631,19.719
2003-04-27,14.293,11.122,17.741
2003-04-28,14.779,8.962,20.458
2003-04-29,15.364,10.343,21.609
2003-04-30,14.665,9.089,20.589
2003-05-01,15.217,8.843,22.034
2003-05-02,15.975,9.731,21.809
2003-05-03,15.233,11.676,19.723
2003-05-04,15.063,10.958,20.721
2003-05-05,14.969,11.999,18.363
2003-05-06,15.389,10.738,21.165
2003-05-07,14.794,9.532,19.784
2003-05-08,14.459,10.044,19.816
2003-05-09,14.935,11.203,19.858
2003-05-10,14.779,9.808,20.169
2003-05-11,14.5,10.007,19.751
2003-05-12,14.629,10.473,18.531
2003-05-13,14.598,9.998,19.586
2003-05-14,14.634,9.713,20.059
2003-05-15,14.968,9.861,20.152
2003-05-16,15.179,10.894,20.27
2003-05-17,14.742,10.459,20.509
2003-05-18,14.306,10.606,18.638
2003-05-19,14.708,10.775,19.284
2003-05-20,15.071,10.635,20.793
2003-05-21,15.326,9.911,22.437
2003-05-22,15.426,11.215,21.028
2003-05-23,15.482,10.838,21.633
2003-05-24,15.433,10.759,21.502
2003-05-25,14.588,11.517,17.781
2003-05-26,15.045,11.657,18.543
2003-05-27,15.199,8.602,21.784
2003-05-28,15.18,9.936,20.374
2003-05-29,14.681,10.227,20.089
2003-05-30,14.583,9.328,20.44
2003-05-31,14.675,10.716,20.265
2003-06-01,14.573,10.389,19.411
2003-06-02,14.419,10.204,19.791
2003-06-03,14.391,11.69,18.763
2003-06-04,14.703,10.989,20.261
2003-06-05,13.859,10.134,18.233
2003-06-06,13.622,10.219,17.336
2003-06-07,13.651,9.708,18.985
2003-06-08,15.333,10.22,21.637
2003-06-09,14.685,9.092,20.03
2003-06-10,14.697,9.411,20.925
2003-06-11,14.934,11.395,18.73
2003-06-12,14.126,11.16,17.948
2003-06-13,13.923,10.521,17.441
2003-06-14,14.009,9.159,19.556
2003-06-15,14.873,10.104,20.531
2003-06-16,14.063,9.21,19.524
2003-06-17,14.444,11.364,18.078
2003-06-18,13.851,10.71,18.26
2003-06-19,14.205,10.542,19.02
2003-06-20,14.584,9.797,19.676
2003-06-21,14.044,8.971,18.747
2003-06-22,13.864,10.487,18.308
2003-06-23,13.738,8.739,19.693
2003-06-24,14.652,9.184,20.644
2003-06-25,14.646,8.422,21.164
2003-06-26,14.19,8.336,20.551
2003-06-27,14.736,9.812,20.803
2003-06-28,14.69,9.266,19.362
2003-06-29,14.214,10.073,18.372
2003-06-30,14.068,8.32,20.097
2003-07-01,13.418,11.122,16.969
2003-07-02,13.852,8.274,20.505
2003-07-03,14.364,8.987,20.953
2003-07-04,13.911,9.46,19.826
2003-07-05,14.266,9.057,20.147
2003-07-06,14.211,8.348,20.209
2003-07-07,14.226,9.348,19.247
2003-07-08,14.14,10.505,18.559
2003-07-09,14.761,10.828,20.546
2003-07-10,14.501,9.691,20.004
2003-07-11,13.778,9.238,20.043
2003-07-12,13.891,9.066,19.528
2003-07-13,14.403,8.678,22.083
2003-07-14,14.047,8.356,19.667
2003-07-15,14.216,8.12,19.98
2003-07-16,13.827,9.491,19.028
2003-07-17,13.641,10.414,17.721
2003-07-18,13.931,8.323,20.846
2003-07-19,14.226,8.078,21.782
2003-07-20,14.42,9.686,20.117
2003-07-21,14.471,9.655,20.432
2003-07-22,14.762,10.562,19.866
2003-07-23,14.644,9.644,21.448
2003-07-24,14.409,9.176,19.093
2003-07-25,14.839,11.172,20.257
2003-07-26,14.501,10.276,18.774
2003-07-27,14.322,9.563,20.297
2003-07-28,14.777,9.15,20.836
2003-07-29,14.709,8.849,20.063
2003-07-30,14.51,9.585,20.438
2003-07-31,14.15,9.642,20.379
2003-08-01,14.209,11.073,19.356
2003-08-02,14.258,11.305,18.913
2003-08-03,14.025,11.313,18.334
2003-08-04,14.163,8.891,20.418
2003-08-05,14.641,8.5,20.919
2003-08-06,15.04,8.85,22.162
2003-08-07,15.14,9.234,21.721
2003-08-08,14.849,10.545,20.745
2003-08-09,14.302,9.335,19.878
2003-08-10,14.586,8.531,21.383
2003-08-11,14.291,7.657,21.236
2003-08-12,13.893,8.393,20.212
2003-08-13,14.559,8.542,19.983
2003-08-14,14.8,10.843,19.61
2003-08-15,13.91,7.878,20.435
2003-08-16,14.401,8.638,20.757
2003-08-17,14.269,8.716,19.128
2003-08-18,14.366,8.841,20.336
2003-08-19,14.893,9.564,20.652
2003-08-20,14.185,9.218,19.082
2003-08-21,14.537,9.548,19.803
2003-08-22,14.273,9.064,19.894
2003-08-23,14.495,8.376,20.36
2003-08-24,14.948,9.51,20.929
2003-08-25,15.431,9.022,22.033
2003-08-26,15.523,9.78,21.914
2003-08-27,14.32,8.085,21.171
2003-08-28,14.497,10.208,19.403
2003-08-29,14.229,8.785,20.127
2003-08-30,13.793,9.108,20.008
2003-08-31,13.776,8.384,19.992
2003-09-01,14.185,7.797,21.202
2003-09-02,14.262,7.723,20.437
2003-09-03,14.417,8.03,21.099
2003-09-04,14.523,8.923,20.367
2003-09-05,14.743,9.252,19.688
2003-09-06,14.142,9.095,19.597
2003-09-07,14.339,9.995,19.941
2003-09-08,14.036,9.751,20.172
2003-09-09,14.749,11.073,20.778
2003-09-10,14.391,9.964,19.834
2003-09-11,13.996,10.386,19.259
2003-09-12,13.885,8.558,19.37
2003-09-13,15.063,10.741,20.696
2003-09-14,14.097,8.49,20.006
2003-09-15,14.36,8.174,20.732
2003-09-16,14.481,9.096,20.539
2003-09-17,14.639,9.718,20.728
2003-09-18,14.151,10.69,18.896
2003-09-19,14.037,10.132,18.795
2003-09-20,13.794,9.847,19.391
2003-09-21,13.468,8.507,18.165
2003-09-22,14.331,9.698,19.403
2003-09-23,14.447,11.063,18.718
2003-09-24,14.25,8.951,20.944
2003-09-25,14.661,10.988,19.931
2003-09-26,14.602,9.923,21.134
2003-09-27,14.613,10.239,19.464
2003-09-28,14.201,9.235,19.946
2003-09-29,14.041,10.89,17.632
2003-09-30,13.952,10.136,18.667
2003-10-01,14.085,10.479,19.589
2003-10-02,13.983,9.399,19.931
2003-10-03,14.413,10.049,20.015
2003-10-04,15.044,10.554,20.601
2003-10-05,14.5,10.483,19.524
2003-10-06,14.464,11.111,19.175
2003-10-07,14.193,10.464,19.86
2003-10-08,14.131,11.596,18.215
2003-10-09,13.818,10.932,17.619
2003-10-10,14.299,11.79,18.711
2003-10-11,14.905,11.072,20.193
2003-10-12,14.941,10.227,20.052
2003-10-13,14.708,10.326,20.647
2003-10-14,14.249,9.829,20.287
2003-10-15,14.033,11.082,18.465
2003-10-16,14.267,11.13,18.811
2003-10-17,14.595,10.523,20.394
2003-10-18,14.486,9.932,20.376
2003-10-19,14.212,11.101,18.593
2003-10-20,14.232,9.266,19.881
2003-10-21,14.201,9.918,19.43
2003-10-22,14.919,10.237,20.443
2003-10-23,15.333,8.889,21.655
2003-10-24,15.49,10.022,21.627
2003-10-25,14.907,10.275,19.791
2003-10-26,14.534,9.783,19.785
2003-10-27,14.724,11.568,19.829
2003-10-28,14.137,10.948,18.599
2003-10-29,13.434,10.288,18.753
2003-10-30,13.872,10.139,20.037
2003-10-31,14.196,10.916,19.053
2003-11-01,14.43,11.187,19.438
2003-11-02,14.439,10.476,19.751
2003-11-03,14.203,11.783,17.693
2003-11-04,14.179,10.209,19.657
2003-11-05,13.907,9.548,20.027
2003-11-06,14.11,9.091,20.593
2003-11-07,13.957,9.821,20.202
2003-11-08,13.731,9.24,19.105
2003-11-09,14.702,11.341,20.086
2003-11-10,14.511,10.709,19.18
2003-11-11,14.597,12.001,18.703
2003-11-12,14.453,12.168,17.77
2003-11-13,15.075,11.273,19.791
2003-11-14,14.861,10.026,21.163
2003-11-15,14.194,9.408,20.285
2003-11-16,14.861,11.088,20.347
2003-11-17,15.208,9.403,20.799
2003-11-18,14.428,9.206,19.734
2003-11-19,14.45,8.401,20.499
2003-11-20,14.809,9.824,20.781
2003-11-21,14.411,10.251,19.87
2003-11-22,14.183,10.237,19.845
2003-11-23,14.438,9.896,19.992
2003-11-24,13.875,8.508,19.072
2003-11-25,13.918,9.792,18.733
2003-11-26,14.818,10.173,20.948
2003-11-27,15.694,10.946,21.149
2003-11-28,15.086,9.895,21.341
2003-11-29,14.139,9.901,19.654
2003-11-30,13.731,10.844,17.158
2003-12-01,14.175,11.113,18.784
2003-12-02,13.9,12.422,16.591
2003-12-03,14.095,10.921,18.908
2003-12-04,14.426,10.672,20.026
2003-12-05,14.126,10.645,19.733
2003-12-06,13.277,9.317,18.448
2003-12-07,14.342,11.197,20.0
2003-12-08,14.769,10.502,19.909
2003-12-09,14.894,9.303,20.73
2003-12-10,15.265,9.706,21.451
2003-12-11,14.778,9.588,20.29
2003-12-12,14.261,9.856,19.71
2003-12-13,13.889,9.184,19.704
2003-12-14,14.488,9.781,19.951
2003-12-15,14.549,7.712,20.371
2003-12-16,14.389,7.241,21.56
2003-12-17,14.632,8.275,21.117
2003-12-18,14.718,8.952,20.49
2003-12-19,15.12,12.11,20.394
2003-12-20,14.65,10.254,19.959
2003-12-21,14.676,9.871,20.638
2003-12-22,14.291,9.412,20.058
2003-12-23,14.941,9.082,21.326
2003-12-24,15.673,9.937,21.252
2003-12-25,14.714,10.005,19.845
2003-12-26,14.28,11.057,19.068
2003-12-27,13.488,9.54,19.063
2003-12-28,14.083,10.132,18.65
2003-12-29,14.242,11.546,18.235
2003-12-30,14.063,9.966,19.255
2003-12-31,14.262,10.767,18.944
2004-01-01,14.771,8.255,21.485
2004-01-02,15.392,9.866,22.051
2004-01-03,15.303,9.309,21.635
2004-01-04,15.475,9.468,21.746
2004-01-05,15.142,11.576,20.019
2004-01-06,14.699,10.779,20.008
2004-01-07,15.077,12.677,19.665
2004-01-08,14.648,12.466,18.115
2004-01-09,14.148,10.714,18.685
2004-01-10,14.535,10.719,19.035
2004-01-11,14.625,11.951,18.443
2004-01-12,15.061,11.944,19.654
2004-01-13,14.972,12.069,19.133
2004-01-14,15.373,12.47,19.629
2004-01-15,15.031,11.891,19.813
2004-01-16,14.524,10.036,19.694
2004-01-17,14.376,11.026,19.226
2004-01-18,14.202,10.055,19.558
2004-01-19,14.718,10.991,19.769
2004-01-20,15.072,11.622,19.702
2004-01-21,14.147,12.974,16.545
2004-01-22,13.603,11.795,17.537
2004-01-23,13.186,10.815,16.146
2004-01-24,14.123,10.383,19.801
2004-01-25,14.832,10.949,20.193
2004-01-26,14.904,11.137,19.995
2004-01-27,14.547,10.442,20.12
2004-01-28,14.218,8.672,19.912
2004-01-29,14.261,8.638,20.079
2004-01-30,15.104,10.994,20.97
2004-01-31,14.979,10.699,20.546
2004-02-01,15.275,10.824,21.82
2004-02-02,15.781,11.386,21.962
2004-02-03,15.522,11.688,21.062
2004-02-04,15.696,10.678,21.808
2004-02-05,15.452,8.162,22.949
2004-02-06,15.514,7.586,22.784
2004-02-07,15.453,11.409,20.829
2004-02-08,15.286,10.064,20.898
2004-02-09,15.553,10.089,22.192
2004-02-10,15.647,8.541,22.957
2004-02-11,15.845,11.166,21.918
2004-02-12,15.19,9.428,21.301
2004-02-13,15.566,10.246,21.419
2004-02-14,15.326,10.274,21.876
2004-02-15,16.143,11.005,22.242
2004-02-16,16.149,10.838,22.437
2004-02-17,16.091,10.483,22.496
2004-02-18,15.543,10.349,21.662
2004-02-19,15.028,11.368,20.367
2004-02-20,14.558,10.792,19.337
2004-02-21,14.266,10.886,18.86
2004-02-22,14.784,12.016,19.368
2004-02-23,14.851,11.933,19.789
2004-02-24,14.905,10.362,20.576
2004-02-25,15.113,10.657,21.465
2004-02-26,15.023,10.951,21.124
2004-02-27,15.421,11.203,20.81
2004-02-28,14.847,9.414,21.406
2004-02-29,15.623,12.176,21.378
2004-03-01,15.344,10.916,21.597
2004-03-02,14.882,9.948,20.764
2004-03-03,15.498,9.771,21.789
2004-03-04,15.861,10.895,22.192
2004-03-05,15.936,12.067,21.346
2004-03-06,14.577,10.852,19.617
2004-03-07,14.719,11.506,19.539
2004-03-08,15.285,10.385,20.322
2004-03-09,15.625,9.859,21.911
2004-03-10,15.383,11.187,20.532
2004-03-11,14.81,10.296,20.917
2004-03-12,15.678,9.137,23.362
2004-03-13,16.486,10.105,23.708
2004-03-14,16.629,9.421,24.168
2004-03-15,16.868,12.501,22.345
2004-03-16,16.551,11.886,22.933
2004-03-17,16.353,11.059,22.173
2004-03-18,16.652,10.448,22.78
2004-03-19,16.775,11.362,22.84
2004-03-20,16.539,12.151,22.565
2004-03-21,16.211,12.642,21.449
2004-03-22,15.952,12.502,20.946
2004-03-23,16.574,12.335,21.696
2004-03-24,16.098,11.662,21.893
2004-03-25,15.491,11.331,20.301
2004-03-26,15.065,11.328,20.324
2004-03-27,15.127,12.099,20.015
2004-03-28,14.357,10.898,19.503
2004-03-29,14.148,9.506,18.973
2004-03-30,14.929,10.767,20.338
2004-03-31,15.466,10.328,21.077
2004-04-01,15.573,11.459,20.808
2004-04-02,14.838,11.623,19.794
2004-04-03,14.605,11.702,17.84
2004-04-04,14.793,10.625,20.367
2004-04-05,15.672,9.581,22.786
2004-04-06,15.943,9.664,22.516
2004-04-07,16.592,10.523,23.149
2004-04-08,16.415,10.575,22.326
2004-04-09,15.636,10.646,20.969
2004-04-10,15.422,10.603,20.266
2004-04-11,15.34,10.128,22.198
2004-04-12,15.15,11.67,19.734
2004-04-13,14.68,11.482,19.01
2004-04-14,14.113,11.372,17.786
2004-04-15,13.642,11.109,17.663
2004-04-16,14.073,11.782,17.76
2004-04-17,14.584,11.366,19.889
2004-04-18,14.83,10.152,19.886
2004-04-19,14.605,10.241,19.782
2004-04-20,14.453,10.612,19.312
2004-04-21,14.22,9.783,20.132
2004-04-22,14.844,12.399,18.4
2004-04-23,13.642,12.402,16.341
2004-04-24,13.381,9.899,18.15
2004-04-25,13.883,11.98,17.097
2004-04-26,14.194,9.454,20.161
2004-04-27,14.321,10.006,20.367
2004-04-28,14.556,11.152,19.983
2004-04-29,15.524,10.1,22.197
2004-04-30,15.388,10.295,21.477
2004-05-01,14.874,11.425,20.156
2004-05-02,15.245,12.324,20.463
2004-05-03,14.934,12.311,18.83
2004-05-04,14.872,10.726,19.64
2004-05-05,15.11,11.389,19.423
2004-05-06,15.028,10.101,20.539
2004-05-07,15.509,10.399,21.737
2004-05-08,15.737,11.289,21.669
2004-05-09,15.266,11.026,21.313
2004-05-10,14.718,10.902,20.292
2004-05-11,14.943,10.324,21.342
2004-05-12,15.192,11.995,19.52
2004-05-13,15.276,11.316,20.679
2004-05-14,15.506,11.106,21.515
2004-05-15,14.929,10.338,20.087
2004-05-16,14.816,10.758,20.528
2004-05-17,14.671,12.147,17.625
2004-05-18,14.486,11.19,19.41
2004-05-19,14.149,11.818,17.854
2004-05-20,14.06,11.633,18.801
2004-05-21,14.414,10.234,19.32
2004-05-22,13.917,11.541,17.853
2004-05-23,14.043,10.138,19.87
2004-05-24,14.217,11.2,18.584
2004-05-25,14.242,9.761,20.648
2004-05-26,14.471,9.456,19.052
2004-05-27,14.844,10.706,19.609
2004-05-28,14.03,9.188,19.569
2004-05-29,13.457,9.215,17.293
2004-05-30,14.512,11.398,18.906
2004-05-31,14.581,9.015,21.177
2004-06-01,13.973,9.105,19.668
2004-06-02,14.168,8.54,20.186
2004-06-03,14.33,8.778,20.776
2004-06-04,14.177,9.936,19.262
2004-06-05,13.828,9.433,17.993
2004-06-06,13.717,11.241,17.381
2004-06-07,14.261,8.637,21.284
2004-06-08,14.539,8.877,21.047
2004-06-09,14.487,9.496,20.309
2004-06-10,15.453,8.547,22.345
2004-06-11,14.911,8.389,21.633
2004-06-12,14.852,9.193,21.405
2004-06-13,14.932,9.39,21.088
2004-06-14,14.245,9.631,19.532
2004-06-15,14.23,9.512,20.307
2004-06-16,14.646,10.101,20.246
2004-06-17,14.91,10.53,20.301
2004-06-18,14.762,9.14,20.639
2004-06-19,15.071,9.843,20.964
2004-06-20,14.49,9.861,20.553
2004-06-21,14.966,10.56,21.1
2004-06-22,15.213,8.741,22.145
2004-06-23,15.273,8.092,22.385
2004-06-24,15.005,9.422,21.081
2004-06-25,14.321,7.342,21.886
2004-06-26,15.589,8.533,21.881
2004-06-27,15.269,9.67,20.384
2004-06-28,15.199,10.008,20.584
2004-06-29,14.472,9.866,19.89
2004-06-30,14.527,10.113,20.103
2004-07-01,14.028,9.405,19.082
2004-07-02,14.421,9.852,20.752
2004-07-03,14.59,9.94,20.872
2004-07-04,14.796,11.977,19.535
2004-07-05,13.526,8.005,19.357
2004-07-06,14.278,9.118,19.409
2004-07-07,13.913,10.857,19.136
2004-07-08,13.792,10.348,19.336
2004-07-09,13.845,9.729,19.007
2004-07-10,14.151,9.722,19.83
2004-07-11,14.121,8.944,20.456
2004-07-12,14.39,8.463,20.376
2004-07-13,14.515,10.26,19.908
2004-07-14,14.092,9.401,20.108
2004-07-15,14.067,8.711,18.938
2004-07-16,14.149,9.061,19.006
2004-07-17,14.155,8.885,20.492
2004-07-18,13.819,7.423,20.518
2004-07-19,13.734,8.937,19.581
2004-07-20,13.805,8.435,19.378
2004-07-21,14.322,9.315,19.632
2004-07-22,13.691,8.516,19.008
2004-07-23,13.735,8.866,18.788
2004-07-24,14.191,8.953,20.213
2004-07-25,14.156,8.405,19.558
2004-07-26,14.088,9.088,19.789
2004-07-27,14.6,9.3,21.442
2004-07-28,13.391,7.611,18.012
2004-07-29,13.67,8.881,20.233
2004-07-30,14.071,8.129,21.158
2004-07-31,14.163,8.755,20.971
2004-08-01,14.415,7.929,21.305
2004-08-02,14.167,8.018,20.632
2004-08-03,14.16,8.491,20.528
2004-08-04,14.793,10.815,19.198
2004-08-05,14.373,8.456,22.045
2004-08-06,13.94,8.295,19.638
2004-08-07,14.453,8.625,21.321
2004-08-08,14.961,8.45,22.102
2004-08-09,14.527,7.293,22.45
2004-08-10,14.467,8.239,21.039
2004-08-11,14.364,7.696,21.645
2004-08-12,14.2,7.612,21.325
2004-08-13,14.356,8.133,21.207
2004-08-14,14.625,7.899,21.558
2004-08-15,14.23,7.827,20.476
2004-08-16,14.642,8.926,21.65
2004-08-17,15.067,9.487,21.536
2004-08-18,15.181,9.606,22.14
2004-08-19,14.889,9.266,20.936
2004-08-20,14.861,9.267,22.144
2004-08-21,14.601,10.282,20.382
2004-08-22,14.891,8.359,21.214
2004-08-23,14.513,8.278,20.262
2004-08-24,14.94,9.826,20.607
2004-08-25,14.54,9.58,20.39
2004-08-26,14.466,9.233,20.849
2004-08-27,14.245,9.778,19.326
2004-08-28,13.989,9.517,19.394
2004-08-29,14.035,9.732,19.143
2004-08-30,14.12,8.12,20.239
2004-08-31,14.36,8.392,19.593
2004-09-01,14.374,8.284,21.105
2004-09-02,15.56,8.26,22.993
2004-09-03,15.619,9.241,22.734
2004-09-04,14.74,10.208,19.074
2004-09-05,14.066,11.167,18.544
2004-09-06,13.543,9.902,17.471
2004-09-07,13.519,10.201,17.575
2004-09-08,13.659,10.695,18.8
2004-09-09,13.491,9.006,18.789
2004-09-10,14.057,10.555,19.306
2004-09-11,14.164,11.064,19.415
2004-09-12,14.444,8.861,20.378
2004-09-13,14.335,8.305,20.555
2004-09-14,13.871,8.97,19.061
2004-09-15,14.143,9.059,19.685
2004-09-16,14.415,8.699,20.984
2004-09-17,14.229,8.231,20.494
2004-09-18,13.524,8.126,19.811
2004-09-19,14.003,10.017,19.77
2004-09-20,13.483,8.465,19.481
2004-09-21,13.746,8.47,19.558
2004-09-22,14.823,9.901,20.437
2004-09-23,15.228,8.686,22.563
2004-09-24,14.506,9.272,20.169
2004-09-25,14.462,10.953,19.897
2004-09-26,14.251,9.864,19.606
2004-09-27,13.55,8.241,20.229
2004-09-28,14.692,10.904,19.654
2004-09-29,14.354,11.752,18.891
2004-09-30,14.027,9.672,20.129
2004-10-01,14.132,10.743,19.626
2004-10-02,14.676,8.939,21.706
2004-10-03,15.517,9.6,21.883
2004-10-04,14.928,11.529,21.318
2004-10-05,14.464,11.581,18.824
2004-10-06,14.39,11.024,19.377
2004-10-07,14.453,11.94,19.421
2004-10-08,14.269,11.035,19.344
2004-10-09,14.092,9.988,19.603
2004-10-10,14.353,9.077,21.031
2004-10-11,13.96,8.997,20.542
2004-10-12,14.47,10.078,20.622
2004-10-13,14.965,10.606,20.447
2004-10-14,14.964,9.314,20.423
2004-10-15,15.455,9.056,22.002
2004-10-16,15.454,9.756,21.459
2004-10-17,14.344,9.082,20.528
2004-10-18,13.723,8.827,19.777
2004-10-19,14.183,9.885,18.973
2004-10-20,13.862,11.457,17.508
2004-10-21,13.782,10.822,17.316
2004-10-22,13.948,11.407,19.446
2004-10-23,13.84,11.807,17.593
2004-10-24,13.293,9.614,18.568
2004-10-25,13.895,10.67,18.901
2004-10-26,13.741,9.844,18.486
2004-10-27,13.788,9.038,19.1
2004-10-28,14.109,10.793,19.513
2004-10-29,14.263,11.941,18.263
2004-10-30,14.418,10.178,19.672
2004-10-31,14.849,10.14,20.71
2004-11-01,14.848,9.206,20.84
2004-11-02,14.487,9.826,21.423
2004-11-03,14.736,11.935,19.124
2004-11-04,14.565,10.974,19.553
2004-11-05,15.09,11.221,20.802
2004-11-06,14.586,12.321,18.598
2004-11-07,14.948,12.226,20.145
2004-11-08,14.761,11.261,19.099
2004-11-09,14.29,11.314,18.185
2004-11-10,14.483,11.232,19.354
2004-11-11,14.115,10.549,19.329
2004-11-12,14.071,10.271,18.861
2004-11-13,14.237,11.198,18.576
2004-11-14,14.111,11.684,18.038
2004-11-15,13.551,10.926,17.596
2004-11-16,14.126,10.766,18.324
2004-11-17,13.914,10.284,19.094
2004-11-18,14.188,11.736,18.233
2004-11-19,14.069,10.64,18.62
2004-11-20,14.05,8.885,19.571
2004-11-21,14.59,9.354,19.676
2004-11-22,15.18,8.691,21.724
2004-11-23,15.068,9.197,20.914
2004-11-24,14.005,8.651,20.194
2004-11-25,14.557,11.199,20.171
2004-11-26,13.623,9.792,18.283
2004-11-27,14.207,10.956,19.387
2004-11-28,14.403,9.839,19.988
2004-11-29,14.987,11.113,20.156
2004-11-30,14.827,11.547,20.187
2004-12-01,14.085,10.328,19.48
2004-12-02,14.409,10.773,19.017
2004-12-03,14.33,9.651,19.89
2004-12-04,14.348,9.333,19.874
2004-12-05,14.341,8.93,20.565
2004-12-06,14.859,10.02,21.104
2004-12-07,14.277,9.338,20.143
2004-12-08,14.679,11.253,20.557
2004-12-09,14.656,11.881,18.453
2004-12-10,14.78,9.682,20.566
2004-12-11,14.335,10.338,19.153
2004-12-12,14.572,11.696,19.6
2004-12-13,14.219,10.056,19.54
2004-12-14,14.542,10.847,20.197
2004-12-15,14.129,11.317,18.733
2004-12-16,14.297,10.838,18.7
2004-12-17,14.169,11.143,18.668
2004-12-18,14.267,10.617,19.309
2004-12-19,14.8,10.045,20.528
2004-12-20,14.911,11.213,20.333
2004-12-21,14.658,9.874,20.81
2004-12-22,15.143,11.335,20.396
2004-12-23,14.726,8.934,20.419
2004-12-24,14.851,10.704,19.501
2004-12-25,14.364,11.252,18.879
2004-12-26,14.049,9.044,19.803
2004-12-27,13.905,8.957,19.69
2004-12-28,13.777,9.315,19.61
2004-12-29,13.655,9.548,19.152
2004-12-30,13.929,10.803,18.522
2004-12-31,14.539,8.621,21.32
2005-01-01,14.217,9.635,19.303
2005-01-02,14.52,10.142,20.456
2005-01-03,14.895,10.512,20.41
2005-01-04,14.949,11.011,19.756
2005-01-05,14.627,10.31,20.132
2005-01-06,14.24,9.238,19.604
2005-01-07,14.545,9.579,20.124
2005-01-08,14.278,9.094,19.866
2005-01-09,13.866,10.085,19.229
2005-01-10,13.93,9.692,19.931
2005-01-11,14.686,10.654,20.406
2005-01-12,14.79,9.488,20.541
2005-01-13,15.116,9.957,21.344
2005-01-14,15.389,12.308,20.109
2005-01-15,14.227,11.886,18.088
2005-01-16,13.898,12.438,17.234
2005-01-17,13.857,11.251,17.836
2005-01-18,13.979,10.887,18.875
2005-01-19,14.172,11.021,18.597
2005-01-20,13.784,10.324,18.403
2005-01-21,13.757,9.73,18.904
2005-01-22,13.982,10.592,19.169
2005-01-23,14.479,10.886,19.524
2005-01-24,13.743,11.487,16.904
2005-01-25,13.972,11.461,18.319
2005-01-26,14.961,10.51,20.586
2005-01-27,15.12,9.451,21.092
2005-01-28,14.763,9.149,21.07
2005-01-29,15.002,11.491,20.007
2005-01-30,14.492,10.573,20.209
2005-01-31,14.632,11.681,19.092
2005-02-01,15.223,11.441,20.41
2005-02-02,14.793,11.327,19.871
2005-02-03,14.972,12.085,19.429
2005-02-04,15.439,12.28,20.552
2005-02-05,15.493,11.09,21.092
2005-02-06,15.202,10.596,20.426
2005-02-07,15.441,11.827,20.644
2005-02-08,15.414,12.112,19.444
2005-02-09,15.267,11.834,20.549
2005-02-10,14.894,12.149,19.135
2005-02-11,14.337,12.806,17.294
2005-02-12,14.649,12.788,18.153
2005-02-13,14.775,11.626,19.406
2005-02-14,15.039,10.233,20.817
2005-02-15,14.813,10.743,19.229
2005-02-16,14.357,10.6,18.575
2005-02-17,14.919,11.69,20.289
2005-02-18,16.096,12.335,22.168
2005-02-19,16.099,12.121,21.351
2005-02-20,15.938,12.918,20.224
2005-02-21,15.54,11.632,21.577
2005-02-22,15.649,11.569,21.454
2005-02-23,16.171,12.498,21.31
2005-02-24,16.228,12.178,22.303
2005-02-25,16.284,9.825,23.415
2005-02-26,16.45,13.527,20.84
2005-02-27,16.161,13.722,20.766
2005-02-28,15.942,11.902,20.846
2005-03-01,15.729,11.533,21.45
2005-03-02,16.222,12.978,21.916
2005-03-03,15.98,13.015,20.418
2005-03-04,15.323,11.059,20.764
2005-03-05,15.411,11.792,21.294
2005-03-06,15.687,11.876,20.407
2005-03-07,15.371,11.463,20.668
2005-03-08,15.67,12.396,20.032
2005-03-09,15.365,11.394,20.805
2005-03-10,15.216,10.793,20.907
2005-03-11,15.626,9.966,23.047
2005-03-12,16.239,11.138,22.281
2005-03-13,16.415,12.106,22.455
2005-03-14,16.248,11.255,22.393
2005-03-15,15.602,10.45,22.369
2005-03-16,16.158,11.09,22.41
2005-03-17,16.159,10.655,22.279
2005-03-18,16.134,11.718,21.586
2005-03-19,16.276,11.917,22.774
2005-03-20,16.078,11.667,21.686
2005-03-21,15.02,9.725,20.065
2005-03-22,16.085,8.699,24.334
2005-03-23,16.666,9.957,23.189
2005-03-24,15.412,12.327,18.21
2005-03-25,15.831,9.901,22.072
2005-03-26,15.901,10.61,21.681
2005-03-27,15.663,10.966,21.457
2005-03-28,15.271,9.784,20.853
2005-03-29,15.441,11.074,20.911
2005-03-30,15.617,10.775,21.913
2005-03-31,15.284,10.099,20.62
2005-04-01,15.53,10.636,21.487
2005-04-02,15.435,11.693,20.35
2005-04-03,15.017,11.395,19.1
2005-04-04,15.273,10.654,21.475
2005-04-05,15.681,11.399,21.271
2005-04-06,15.007,11.295,19.583
2005-04-07,14.623,9.909,20.001
2005-04-08,15.523,10.437,21.405
2005-04-09,15.459,12.361,19.537
2005-04-10,15.506,9.691,21.345
2005-04-11,15.136,12.127,19.487
2005-04-12,15.267,11.356,20.767
2005-04-13,15.061,11.449,20.069
2005-04-14,15.351,10.028,21.437
2005-04-15,14.71,11.282,19.929
2005-04-16,15.609,10.338,22.565
2005-04-17,15.874,11.554,21.246
2005-04-18,15.784,11.71,20.579
2005-04-19,15.764,10.46,22.072
2005-04-20,15.257,12.5,19.687
2005-04-21,15.337,12.285,19.483
2005-04-22,15.083,11.746,20.241
2005-04-23,14.769,11.788,19.311
2005-04-24,14.629,11.035,20.083
2005-04-25,14.622,11.159,20.093
2005-04-26,14.852,10.183,19.815
2005-04-27,15.57,10.754,21.194
2005-04-28,15.153,11.043,20.814
2005-04-29,15.232,11.017,20.355
2005-04-30,14.698,9.728,20.671
2005-05-01,14.753,10.99,19.891
2005-05-02,14.607,9.715,20.228
2005-05-03,14.39,12.174,18.533
2005-05-04,14.674,12.526,18.17
2005-05-05,14.453,10.537,20.61
2005-05-06,14.635,11.254,18.398
2005-05-07,15.195,9.944,19.944
2005-05-08,15.496,10.17,21.709
2005-05-09,15.211,11.353,20.641
2005-05-10,15.165,11.076,20.097
2005-05-11,15.359,10.389,21.402
2005-05-12,15.762,11.141,21.219
2005-05-13,15.012,9.849,20.825
2005-05-14,15.088,11.881,19.338
2005-05-15,14.517,10.374,19.693
2005-05-16,14.514,10.001,19.593
2005-05-17,14.327,11.857,17.897
2005-05-18,14.482,10.98,18.676
2005-05-19,14.241,12.043,16.925
2005-05-20,14.742,11.245,19.586
2005-05-21,15.073,11.504,19.251
2005-05-22,13.472,9.114,17.844
2005-05-23,13.592,10.236,17.847
2005-05-24,14.001,11.376,18.22
2005-05-25,15.028,10.631,20.712
2005-05-26,15.473,9.434,21.961
2005-05-27,15.295,9.235,21.429
2005-05-28,15.264,9.303,22.112
2005-05-29,15.377,8.994,21.727
2005-05-30,15.161,9.367,21.737
2005-05-31,14.875,12.288,18.44
2005-06-01,14.842,11.048,19.838
2005-06-02,14.712,10.394,20.415
2005-06-03,14.951,10.914,20.813
2005-06-04,14.918,10.54,20.574
2005-06-05,14.31,10.762,19.192
2005-06-06,13.988,9.799,18.757
2005-06-07,14.362,11.41,18.064
2005-06-08,14.947,11.394,19.876
2005-06-09,14.856,9.766,21.086
2005-06-10,14.906,11.013,19.706
2005-06-11,14.734,10.734,19.973
2005-06-12,15.084,10.254,20.46
2005-06-13,15.489,10.082,22.344
2005-06-14,15.141,8.814,21.935
2005-06-15,14.394,8.423,19.898
2005-06-16,15.53,10.289,22.096
2005-06-17,15.436,8.981,22.098
2005-06-18,15.452,10.529,21.184
2005-06-19,15.156,9.637,20.003
2005-06-20,14.461,9.714,18.988
2005-06-21,14.532,8.99,21.083
2005-06-22,14.611,10.046,20.536
2005-06-23,14.425,8.242,21.375
2005-06-24,14.75,8.973,20.174
2005-06-25,14.203,9.028,20.353
2005-06-26,14.369,9.239,19.424
2005-06-27,14.608,9.134,20.169
2005-06-28,14.878,9.925,21.079
2005-06-29,14.617,10.416,19.227
2005-06-30,13.623,9.103,18.762
2005-07-01,13.875,9.21,18.963
2005-07-02,14.167,7.854,19.85
2005-07-03,14.877,10.236,20.523
2005-07-04,15.091,10.908,20.817
2005-07-05,14.749,9.47,20.707
2005-07-06,14.912,9.657,19.801
2005-07-07,14.529,8.675,20.834
2005-07-08,14.532,8.744,20.806
2005-07-09,14.699,8.946,21.018
2005-07-10,14.785,9.007,20.812
2005-07-11,13.889,8.138,20.192
2005-07-12,13.849,9.232,17.884
2005-07-13,14.293,10.127,20.181
2005-07-14,14.631,11.162,19.802
2005-07-15,14.146,9.733,19.181
2005-07-16,14.314,8.857,19.502
2005-07-17,14.651,9.701,20.638
2005-07-18,14.843,8.53,20.984
2005-07-19,14.579,11.626,18.847
2005-07-20,14.413,10.246,19.838
2005-07-21,14.217,8.954,19.836
2005-07-22,14.36,9.98,19.572
2005-07-23,14.151,7.148,22.508
2005-07-24,14.349,10.465,19.175
2005-07-25,14.944,9.908,21.164
2005-07-26,14.843,9.115,22.345
2005-07-27,15.241,9.538,22.397
2005-07-28,15.211,9.433,22.24
2005-07-29,15.236,8.954,21.384
2005-07-30,15.182,10.525,21.562
2005-07-31,14.742,9.393,20.947
2005-08-01,14.817,9.292,21.444
2005-08-02,14.889,8.391,21.621
2005-08-03,14.999,9.133,21.602
2005-08-04,15.129,10.771,20.388
2005-08-05,14.715,9.571,20.406
2005-08-06,14.825,9.714,20.793
2005-08-07,14.957,9.474,21.58
2005-08-08,15.275,9.813,21.092
2005-08-09,14.705,9.232,21.115
2005-08-10,14.311,8.652,21.112
2005-08-11,14.052,9.305,20.019
2005-08-12,13.787,8.778,19.689
2005-08-13,14.234,9.121,19.658
2005-08-14,14.435,10.503,19.537
2005-08-15,14.216,10.585,18.886
2005-08-16,14.043,10.686,19.36
2005-08-17,13.746,10.21,19.089
2005-08-18,13.603,9.702,18.998
2005-08-19,14.466,9.716,21.032
2005-08-20,14.804,8.0,21.712
2005-08-21,13.949,8.57,20.225
2005-08-22,13.543,9.282,18.097
2005-08-23,13.886,9.439,20.378
2005-08-24,14.657,9.66,20.8
2005-08-25,14.404,8.002,20.478
2005-08-26,14.337,8.586,20.21
2005-08-27,15.251,11.634,19.64
2005-08-28,14.627,8.63,20.363
2005-08-29,14.384,8.793,19.611
2005-08-30,15.181,10.642,21.208
2005-08-31,14.668,8.233,21.749
2005-09-01,15.295,8.498,21.559
2005-09-02,15.156,9.172,21.784
2005-09-03,13.918,8.531,19.927
2005-09-04,14.616,10.007,20.401
2005-09-05,15.499,9.906,21.8
2005-09-06,15.305,9.678,20.747
2005-09-07,15.226,9.964,20.786
2005-09-08,14.88,8.0,21.119
2005-09-09,15.021,9.59,20.732
2005-09-10,15.901,9.744,23.245
2005-09-11,15.21,9.331,21.677
2005-09-12,14.799,9.81,20.018
2005-09-13,14.194,8.8,19.24
2005-09-14,15.101,9.73,20.567
2005-09-15,15.207,9.942,19.587
2005-09-16,14.962,9.274,20.678
2005-09-17,14.869,8.749,22.273
2005-09-18,15.473,9.49,22.342
2005-09-19,15.152,9.432,21.445
2005-09-20,14.639,9.124,20.594
2005-09-21,14.255,9.302,19.471
2005-09-22,14.467,11.08,20.01
2005-09-23,14.008,10.351,19.391
2005-09-24,13.843,9.371,19.118
2005-09-25,14.389,9.415,20.779
2005-09-26,14.727,10.349,19.997
2005-09-27,14.474,9.984,20.464
2005-09-28,14.434,10.274,19.557
2005-09-29,14.598,10.987,18.434
2005-09-30,15.009,9.669,20.737
2005-10-01,14.685,9.081,20.253
2005-10-02,14.517,9.235,20.771
2005-10-03,14.202,9.751,20.69
2005-10-04,14.642,10.211,20.964
2005-10-05,14.666,9.958,20.759
2005-10-06,14.842,10.643,21.513
2005-10-07,14.297,9.792,19.766
2005-10-08,14.042,8.091,20.771
2005-10-09,14.509,9.678,20.248
2005-10-10,13.815,11.301,17.563
2005-10-11,15.075,10.836,21.238
2005-10-12,14.47,9.6,20.707
2005-10-13,14.586,10.237,19.69
2005-10-14,14.919,9.77,20.507
2005-10-15,14.159,11.444,18.813
2005-10-16,14.476,11.265,20.485
2005-10-17,14.289,9.936,20.607
2005-10-18,14.74,9.179,21.201
2005-10-19,15.306,11.607,21.165
2005-10-20,14.7,9.426,20.529
2005-10-21,13.947,8.174,20.213
2005-10-22,14.261,8.721,19.453
2005-10-23,14.193,10.745,19.768
2005-10-24,13.418,12.181,15.743
2005-10-25,13.257,11.602,16.196
2005-10-26,13.439,8.814,19.815
2005-10-27,13.807,8.957,18.883
2005-10-28,13.911,10.022,18.263
2005-10-29,13.758,12.002,17.727
2005-10-30,14.351,10.731,19.301
2005-10-31,14.14,9.63,19.392
2005-11-01,14.068,9.39,20.242
2005-11-02,14.078,10.227,19.314
2005-11-03,14.3,9.297,20.05
2005-11-04,14.648,11.9,19.655
2005-11-05,14.349,10.429,19.246
2005-11-06,14.424,10.016,20.416
2005-11-07,14.535,10.042,19.706
2005-11-08,14.348,9.475,19.965
2005-11-09,14.069,10.732,19.14
2005-11-10,13.743,10.477,18.682
2005-11-11,14.016,10.802,18.343
2005-11-12,14.271,10.954,18.944
2005-11-13,13.388,12.304,15.686
2005-11-14,13.706,8.976,19.261
2005-11-15,14.208,10.816,19.458
2005-11-16,14.322,10.639,19.611
2005-11-17,14.088,10.359,19.156
2005-11-18,14.09,9.949,18.389
2005-11-19,14.541,12.36,18.115
2005-11-20,14.393,11.391,18.886
2005-11-21,14.428,10.593,19.024
2005-11-22,13.474,10.748,17.323
2005-11-23,13.252,10.258,17.552
2005-11-24,13.565,11.186,17.735
2005-11-25,14.643,11.758,19.442
2005-11-26,13.851,10.069,18.634
2005-11-27,13.816,9.261,18.692
2005-11-28,14.493,9.903,19.997
2005-11-29,14.611,11.73,18.959
2005-11-30,14.152,11.181,18.516
2005-12-01,14.199,11.353,18.695
2005-12-02,14.315,11.367,18.789
2005-12-03,14.67,11.883,19.289
2005-12-04,14.372,10.093,19.804
2005-12-05,13.712,10.789,17.61
2005-12-06,13.119,10.808,17.839
2005-12-07,13.339,9.921,18.8
2005-12-08,13.574,9.5,19.179
2005-12-09,13.741,8.442,20.043
2005-12-10,15.041,12.181,19.329
2005-12-11,13.853,9.075,19.174
2005-12-12,14.211,10.332,19.712
2005-12-13,13.99,9.66,19.816
2005-12-14,14.461,10.382,19.256
2005-12-15,13.723,8.814,19.135
2005-12-16,14.364,10.465,19.223
2005-12-17,14.162,9.206,19.827
2005-12-18,14.031,9.931,18.37
2005-12-19,13.8,9.758,18.769
2005-12-20,13.955,9.663,18.342
2005-12-21,13.919,10.194,19.269
2005-12-22,13.758,10.025,18.635
2005-12-23,14.045,10.508,19.581
2005-12-24,13.911,9.354,19.798
2005-12-25,14.377,10.526,19.502
2005-12-26,13.928,10.375,19.053
2005-12-27,14.13,9.096,19.742
2005-12-28,14.021,8.359,19.631
2005-12-29,13.397,9.209,17.961
2005-12-30,13.928,9.759,19.345
2005-12-31,14.595,10.612,20.071
2006-01-01,14.313,8.771,20.123
2006-01-02,14.24,9.213,20.107
2006-01-03,13.794,8.898,19.447
2006-01-04,12.893,11.084,16.81
2006-01-05,12.659,11.69,14.471
2006-01-06,12.767,10.075,17.011
2006-01-07,12.859,10.5,16.282
2006-01-08,13.622,11.606,17.464
2006-01-09,13.984,11.036,18.834
2006-01-10,13.831,10.292,18.887
2006-01-11,14.22,11.248,19.044
2006-01-12,14.343,11.061,19.182
2006-01-13,14.947,11.05,19.881
2006-01-14,14.633,8.949,20.654
2006-01-15,14.09,9.898,18.916
2006-01-16,13.95,9.393,19.487
2006-01-17,14.462,10.274,19.582
2006-01-18,13.588,8.915,18.092
2006-01-19,14.058,8.913,19.864
2006-01-20,13.611,8.308,18.885
2006-01-21,14.627,10.777,20.427
2006-01-22,14.474,8.359,20.865
2006-01-23,14.933,10.825,19.969
2006-01-24,14.778,10.366,20.458
2006-01-25,14.83,9.592,21.178
2006-01-26,15.174,11.114,20.383
2006-01-27,14.478,10.111,20.491
2006-01-28,14.552,10.009,20.913
2006-01-29,14.559,11.356,20.043
2006-01-30,14.32,9.985,19.929
2006-01-31,14.19,8.863,20.29
2006-02-01,14.433,9.988,20.008
2006-02-02,14.593,10.695,20.263
2006-02-03,14.449,10.354,20.048
2006-02-04,14.619,11.636,19.04
2006-02-05,14.29,11.044,19.154
2006-02-06,15.006,11.172,19.807
2006-02-07,14.683,10.951,19.133
2006-02-08,14.715,10.714,19.565
2006-02-09,14.608,10.231,19.782
2006-02-10,15.71,12.013,21.154
2006-02-11,16.085,10.741,21.896
2006-02-12,15.868,12.015,21.274
2006-02-13,15.248,12.638,19.928
2006-02-14,14.878,10.117,21.02
2006-02-15,15.264,10.218,21.45
2006-02-16,15.872,12.125,21.157
2006-02-17,15.51,12.098,20.166
2006-02-18,15.506,11.69,20.796
2006-02-19,15.558,11.881,20.866
2006-02-20,15.09,12.41,20.241
2006-02-21,15.003,10.684,20.833
2006-02-22,15.443,9.78,22.89
2006-02-23,15.166,8.583,21.72
2006-02-24,16.035,11.92,21.543
2006-02-25,15.986,11.234,22.304
2006-02-26,15.778,9.717,21.82
2006-02-27,14.8,11.419,20.405
2006-02-28,14.677,10.126,21.276
2006-03-01,15.591,9.828,22.086
2006-03-02,15.844,11.627,21.118
2006-03-03,15.473,12.034,20.594
2006-03-04,14.862,10.418,20.567
2006-03-05,15.262,10.955,21.739
2006-03-06,14.773,11.615,19.237
2006-03-07,14.301,11.7,18.711
2006-03-08,14.07,11.206,19.075
2006-03-09,14.061,12.047,16.783
2006-03-10,14.28,10.716,19.622
2006-03-11,14.42,10.136,20.285
2006-03-12,13.927,10.078,19.007
2006-03-13,14.18,9.763,19.734
2006-03-14,14.096,11.044,19.24
2006-03-15,14.359,11.29,19.216
2006-03-16,14.391,11.112,20.076
2006-03-17,13.946,10.783,19.464
2006-03-18,13.291,9.692,18.613
2006-03-19,13.606,9.414,20.206
2006-03-20,13.938,9.589,19.68
2006-03-21,14.106,10.162,20.169
2006-03-22,13.928,9.792,19.029
2006-03-23,13.852,9.58,18.605
2006-03-24,14.419,12.16,18.321
2006-03-25,13.971,11.089,18.577
2006-03-26,13.725,9.731,18.267
2006-03-27,13.822,8.733,19.43
2006-03-28,14.613,10.302,20.075
2006-03-29,14.881,8.948,22.31
2006-03-30,15.939,10.502,21.925
2006-03-31,15.554,11.469,21.439
2006-04-01,14.895,10.331,20.564
2006-04-02,14.577,11.841,18.363
2006-04-03,14.128,9.549,20.039
2006-04-04,14.262,10.638,20.355
2006-04-05,13.494,11.66,15.813
2006-04-06,14.212,9.777,20.33
2006-04-07,14.606,10.993,19.035
2006-04-08,13.754,9.704,19.581
2006-04-09,13.908,8.495,19.946
2006-04-10,14.163,8.538,19.68
2006-04-11,14.579,10.9,20.193
2006-04-12,14.226,11.291,18.066
2006-04-13,13.877,11.544,18.327
2006-04-14,12.971,11.525,16.247
2006-04-15,14.006,9.744,19.137
2006-04-16,14.438,10.585,18.649
2006-04-17,13.97,8.982,18.545
2006-04-18,14.212,9.522,20.034
2006-04-19,14.38,9.784,19.783
2006-04-20,14.852,10.372,21.597
2006-04-21,15.367,10.354,21.78
2006-04-22,15.307,9.118,21.885
2006-04-23,15.049,10.863,21.107
2006-04-24,14.532,11.096,19.154
2006-04-25,14.827,10.729,20.161
2006-04-26,14.119,10.066,19.744
2006-04-27,14.398,12.61,17.874
2006-04-28,14.834,12.07,18.899
2006-04-29,14.771,11.511,20.141
2006-04-30,14.499,11.386,19.326
2006-05-01,14.715,10.968,19.574
2006-05-02,15.194,12.432,20.252
2006-05-03,14.731,10.79,19.468
2006-05-04,14.888,12.386,18.793
2006-05-05,14.55,12.417,18.741
2006-05-06,13.669,10.469,17.976
2006-05-07,14.133,9.949,18.756
2006-05-08,14.898,12.143,19.013
2006-05-09,14.36,12.649,17.219
2006-05-10,14.214,10.97,19.07
2006-05-11,14.546,11.003,20.206
2006-05-12,14.277,10.856,19.276
2006-05-13,14.703,9.503,20.752
2006-05-14,14.777,10.173,19.985
2006-05-15,15.018,10.391,20.698
2006-05-16,14.361,9.741,20.172
2006-05-17,14.247,11.034,18.384
2006-05-18,14.287,10.701,19.526
2006-05-19,14.775,10.433,20.152
2006-05-20,14.448,9.595,20.014
2006-05-21,15.008,9.83,20.686
2006-05-22,15.258,8.715,22.201
2006-05-23,14.609,8.459,20.736
2006-05-24,14.906,10.779,19.815
2006-05-25,14.858,10.719,19.984
2006-05-26,14.362,9.273,20.449
2006-05-27,14.186,9.829,19.409
2006-05-28,14.413,10.047,19.315
2006-05-29,14.286,9.818,19.682
2006-05-30,14.508,9.68,21.138
2006-05-31,15.123,10.46,20.82
2006-06-01,14.294,10.444,19.678
2006-06-02,14.536,11.357,18.551
2006-06-03,14.444,10.765,19.349
2006-06-04,14.596,10.759,20.178
2006-06-05,14.543,10.506,19.22
2006-06-06,14.071,11.248,17.797
2006-06-07,13.988,10.57,18.399
2006-06-08,13.64,11.477,17.127
2006-06-09,13.554,10.469,17.33
2006-06-10,13.668,10.406,17.938
2006-06-11,13.763,10.545,18.086
2006-06-12,13.935,9.092,19.895
2006-06-13,14.161,8.404,19.348
2006-06-14,13.708,8.939,19.357
2006-06-15,13.849,9.614,19.355
2006-06-16,13.879,9.373,18.576
2006-06-17,13.913,8.566,19.505
2006-06-18,13.785,8.16,19.875
2006-06-19,14.343,9.964,20.059
2006-06-20,14.164,9.339,19.653
2006-06-21,14.124,9.384,19.204
2006-06-22,14.416,9.005,20.152
2006-06-23,14.698,9.105,20.749
2006-06-24,13.892,7.627,20.694
2006-06-25,14.877,9.975,20.215
2006-06-26,15.099,10.121,20.872
2006-06-27,14.964,10.992,20.173
2006-06-28,14.566,9.959,19.445
2006-06-29,15.107,9.381,22.142
2006-06-30,15.397,8.605,23.113
2006-07-01,15.971,10.228,22.619
2006-07-02,15.327,9.403,21.627
2006-07-03,14.556,8.59,20.99
2006-07-04,14.809,10.808,20.178
2006-07-05,14.359,10.276,19.246
2006-07-06,14.383,9.524,20.283
2006-07-07,14.767,9.958,20.406
2006-07-08,14.415,9.979,20.1
2006-07-09,14.806,9.398,20.92
2006-07-10,14.804,9.188,20.455
2006-07-11,15.187,11.242,21.093
2006-07-12,14.654,9.18,20.885
2006-07-13,14.56,8.846,20.036
2006-07-14,14.168,9.837,19.274
2006-07-15,14.471,9.528,20.724
2006-07-16,14.333,9.596,19.48
2006-07-17,14.183,8.827,19.476
2006-07-18,14.218,9.492,18.86
2006-07-19,14.537,10.311,19.684
2006-07-20,13.891,8.938,19.455
2006-07-21,14.276,10.845,19.068
2006-07-22,13.98,9.885,19.268
2006-07-23,14.087,10.267,18.975
2006-07-24,14.286,8.826,20.79
2006-07-25,14.567,9.584,20.007
2006-07-26,14.189,8.545,19.934
2006-07-27,13.857,9.69,18.644
2006-07-28,13.023,11.294,15.845
2006-07-29,13.381,9.693,19.246
2006-07-30,14.093,6.665,21.009
2006-07-31,14.417,8.031,21.054
2006-08-01,14.996,9.274,21.108
2006-08-02,14.835,8.428,22.429
2006-08-03,14.256,6.867,21.652
2006-08-04,14.382,8.178,20.662
2006-08-05,14.439,8.017,20.605
2006-08-06,14.611,8.571,21.255
2006-08-07,15.443,10.47,20.886
2006-08-08,14.763,9.581,19.204
2006-08-09,14.759,8.713,20.887
2006-08-10,15.596,9.651,21.046
2006-08-11,14.772,9.163,21.698
2006-08-12,14.537,8.002,21.428
2006-08-13,15.128,8.176,22.15
2006-08-14,15.518,8.079,22.474
2006-08-15,15.602,9.882,20.986
2006-08-16,15.01,10.082,20.315
2006-08-17,14.776,10.979,18.942
2006-08-18,13.66,8.692,17.971
2006-08-19,13.975,8.309,19.272
2006-08-20,14.652,8.798,20.351
2006-08-21,14.557,9.384,20.418
2006-08-22,14.276,7.511,21.758
2006-08-23,14.733,9.29,20.929
2006-08-24,14.667,9.902,20.432
2006-08-25,14.31,10.057,19.765
2006-08-26,13.912,10.162,18.553
2006-08-27,14.053,8.146,19.874
2006-08-28,14.89,10.16,20.896
2006-08-29,14.803,9.147,21.057
2006-08-30,14.057,8.334,20.76
2006-08-31,14.691,9.235,20.664
2006-09-01,14.992,9.32,20.326
2006-09-02,14.697,8.643,20.329
2006-09-03,14.935,11.164,20.587
2006-09-04,14.361,9.148,20.423
2006-09-05,14.359,9.178,19.759
2006-09-06,14.974,9.158,21.995
2006-09-07,14.13,8.693,20.229
2006-09-08,13.964,8.96,19.944
2006-09-09,14.486,9.771,20.218
2006-09-10,14.851,8.221,21.092
2006-09-11,14.595,8.251,20.589
2006-09-12,14.58,9.013,20.515
2006-09-13,13.981,9.299,18.307
2006-09-14,14.713,9.395,21.321
2006-09-15,14.6,10.123,20.524
2006-09-16,14.477,8.813,21.027
2006-09-17,14.657,10.519,19.191
2006-09-18,13.887,8.138,19.188
2006-09-19,14.493,10.536,19.3
2006-09-20,14.509,8.312,20.568
2006-09-21,14.617,8.193,21.741
2006-09-22,14.919,8.693,21.913
2006-09-23,15.562,10.176,22.316
2006-09-24,14.786,8.739,20.847
2006-09-25,14.361,8.334,20.478
2006-09-26,14.453,7.745,20.768
2006-09-27,15.552,8.053,23.17
2006-09-28,15.368,8.786,22.229
2006-09-29,15.274,9.03,21.076
2006-09-30,15.345,10.61,20.246
2006-10-01,15.022,10.643,20.711
2006-10-02,14.81,10.924,20.396
2006-10-03,14.471,10.986,18.579
2006-10-04,14.463,10.255,19.799
2006-10-05,15.138,9.206,21.828
2006-10-06,15.821,9.496,22.86
2006-10-07,15.567,9.661,22.875
2006-10-08,15.311,9.681,21.604
2006-10-09,15.014,11.053,20.46
2006-10-10,15.262,11.136,20.892
2006-10-11,14.891,11.038,19.942
2006-10-12,14.398,10.801,20.324
2006-10-13,14.133,12.076,16.938
2006-10-14,14.364,11.344,19.54
2006-10-15,14.194,11.453,19.252
2006-10-16,13.585,10.992,17.216
2006-10-17,13.461,11.387,17.431
2006-10-18,13.691,10.019,18.664
2006-10-19,13.97,9.43,18.688
2006-10-20,13.559,9.954,18.539
2006-10-21,13.81,10.263,19.505
2006-10-22,14.487,11.124,19.624
2006-10-23,14.122,11.317,19.633
2006-10-24,14.775,10.648,20.842
2006-10-25,14.911,9.543,21.244
2006-10-26,14.814,9.994,20.314
2006-10-27,14.818,10.049,20.599
2006-10-28,14.956,10.879,20.417
2006-10-29,14.339,10.144,19.602
2006-10-30,14.571,11.685,19.761
2006-10-31,14.187,12.19,19.059
2006-11-01,14.394,11.216,18.983
2006-11-02,14.603,9.685,20.264
2006-11-03,14.62,8.68,20.48
2006-11-04,14.984,9.344,21.075
2006-11-05,15.067,10.023,20.653
2006-11-06,14.641,10.734,19.989
2006-11-07,14.825,10.447,20.367
2006-11-08,14.258,11.964,17.334
2006-11-09,14.297,10.954,19.178
2006-11-10,14.025,9.437,19.378
2006-11-11,14.325,8.76,20.8
2006-11-12,14.468,10.676,19.456
2006-11-13,13.98,11.039,18.51
2006-11-14,13.794,11.451,16.963
2006-11-15,13.113,11.38,15.612
2006-11-16,12.92,9.782,16.956
2006-11-17,13.867,10.09,18.743
2006-11-18,13.931,9.349,19.766
2006-11-19,14.043,9.688,19.718
2006-11-20,14.206,10.019,20.085
2006-11-21,13.989,10.46,19.562
2006-11-22,14.448,11.029,19.536
2006-11-23,14.44,10.415,19.353
2006-11-24,14.428,10.806,20.159
2006-11-25,14.134,9.926,19.695
2006-11-26,14.845,11.365,20.115
2006-11-27,14.371,9.629,19.755
2006-11-28,14.455,10.063,20.288
2006-11-29,14.342,10.721,19.547
2006-11-30,14.108,9.202,20.135
2006-12-01,14.898,11.194,19.715
2006-12-02,14.158,10.295,19.467
2006-12-03,14.231,9.844,19.992
2006-12-04,14.798,11.298,19.679
2006-12-05,14.926,11.786,19.149
2006-12-06,14.569,10.458,19.79
2006-12-07,14.315,10.281,19.62
2006-12-08,14.076,10.505,17.957
2006-12-09,13.799,10.143,19.295
2006-12-10,13.784,9.631,18.428
2006-12-11,14.438,10.347,20.343
2006-12-12,14.488,11.372,19.304
2006-12-13,13.949,11.166,18.233
2006-12-14,13.645,10.535,17.791
2006-12-15,14.855,11.672,19.672
2006-12-16,15.165,11.726,19.492
2006-12-17,14.813,10.243,20.287
2006-12-18,15.196,11.235,20.296
2006-12-19,15.327,11.604,20.463
2006-12-20,14.552,10.777,20.104
2006-12-21,14.268,9.683,19.794
2006-12-22,13.848,8.952,19.78
2006-12-23,14.055,9.365,20.062
2006-12-24,13.777,8.44,19.039
2006-12-25,14.398,9.836,20.075
2006-12-26,14.311,9.421,19.504
2006-12-27,13.641,8.724,19.158
2006-12-28,14.407,9.245,20.265
2006-12-29,15.201,8.65,21.671
2006-12-30,15.152,8.217,22.023
2006-12-31,15.195,9.005,21.51
2007-01-01,14.912,9.321,20.272
2007-01-02,14.947,8.842,21.521
2007-01-03,15.206,8.574,22.242
2007-01-04,14.976,9.109,20.778
2007-01-05,15.194,9.972,20.758
2007-01-06,15.58,11.691,20.763
2007-01-07,15.587,10.88,21.232
2007-01-08,15.403,9.58,21.118
2007-01-09,14.887,11.763,19.56
2007-01-10,14.991,11.725,20.503
2007-01-11,15.297,11.448,20.353
2007-01-12,15.499,12.655,20.223
2007-01-13,14.591,9.796,20.481
2007-01-14,14.586,10.909,19.858
2007-01-15,14.536,10.252,20.405
2007-01-16,14.917,9.82,20.26
2007-01-17,14.67,10.297,20.095
2007-01-18,14.465,10.455,19.766
2007-01-19,14.916,11.781,19.698
2007-01-20,14.575,9.45,20.604
2007-01-21,14.678,9.748,20.345
2007-01-22,15.142,10.432,21.266
2007-01-23,15.565,10.318,21.505
2007-01-24,15.689,8.662,22.383
2007-01-25,15.449,10.575,20.973
2007-01-26,15.332,12.25,20.51
2007-01-27,15.59,12.785,20.452
2007-01-28,15.745,9.005,22.399
2007-01-29,16.237,11.568,22.014
2007-01-30,15.9,10.191,21.815
2007-01-31,16.032,12.441,21.211
2007-02-01,15.33,7.909,23.177
2007-02-02,16.172,8.383,23.412
2007-02-03,16.404,10.691,23.05
2007-02-04,16.235,11.192,22.644
2007-02-05,16.324,11.727,22.418
2007-02-06,15.337,11.173,20.341
2007-02-07,15.427,9.579,21.286
2007-02-08,15.592,9.756,21.78
2007-02-09,15.183,10.883,20.593
2007-02-10,15.14,10.848,21.511
2007-02-11,15.275,8.462,22.569
2007-02-12,15.783,10.03,22.27
2007-02-13,16.179,12.331,21.349
2007-02-14,15.573,12.35,20.152
2007-02-15,14.62,9.674,19.976
2007-02-16,14.416,10.493,18.981
2007-02-17,13.652,11.169,18.048
2007-02-18,14.014,10.322,19.328
2007-02-19,13.557,11.245,17.847
2007-02-20,13.952,9.135,20.266
2007-02-21,13.757,8.861,19.421
2007-02-22,14.587,9.88,20.919
2007-02-23,15.9,10.927,22.8
2007-02-24,15.881,8.067,23.335
2007-02-25,15.074,9.05,22.122
2007-02-26,15.726,10.315,22.248
2007-02-27,15.167,7.877,22.718
2007-02-28,15.345,7.211,23.847
2007-03-01,16.412,9.791,23.454
2007-03-02,16.333,8.811,23.892
2007-03-03,16.067,8.669,23.441
2007-03-04,16.032,12.536,21.552
2007-03-05,15.417,11.682,20.193
2007-03-06,15.33,10.176,21.539
2007-03-07,15.539,10.559,21.815
2007-03-08,14.662,11.218,19.453
2007-03-09,14.346,11.021,20.55
2007-03-10,14.059,9.896,18.473
2007-03-11,15.393,9.77,21.827
2007-03-12,15.479,11.093,21.102
2007-03-13,15.423,10.648,22.16
2007-03-14,14.86,10.566,20.924
2007-03-15,14.387,10.442,20.196
2007-03-16,14.671,11.649,20.057
2007-03-17,14.777,11.295,20.007
2007-03-18,14.657,10.717,20.189
2007-03-19,15.099,11.184,20.545
2007-03-20,15.533,10.972,21.465
2007-03-21,15.877,11.339,21.144
2007-03-22,14.343,10.921,20.312
2007-03-23,14.479,10.596,19.872
2007-03-24,14.386,10.972,18.88
2007-03-25,14.79,12.7,18.726
2007-03-26,14.131,10.422,19.764
2007-03-27,14.261,11.085,19.327
2007-03-28,14.342,11.088,19.021
2007-03-29,14.439,11.403,18.701
2007-03-30,14.46,9.745,20.044
2007-03-31,14.695,12.117,19.825
2007-04-01,14.86,9.737,20.54
2007-04-02,15.142,11.022,20.739
2007-04-03,14.77,11.513,18.846
2007-04-04,15.118,11.192,20.693
2007-04-05,14.62,10.979,19.55
2007-04-06,14.995,11.523,20.348
2007-04-07,14.939,12.084,19.641
2007-04-08,14.42,10.555,18.764
2007-04-09,14.645,8.696,21.023
2007-04-10,14.957,10.132,20.158
2007-04-11,14.841,9.695,20.836
2007-04-12,16.003,12.056,21.176
2007-04-13,15.44,9.849,20.668
2007-04-14,15.472,11.469,20.073
2007-04-15,15.376,10.737,21.408
2007-04-16,15.558,11.518,21.095
2007-04-17,15.384,10.575,21.155
2007-04-18,15.604,12.351,20.7
2007-04-19,14.932,11.776,19.352
2007-04-20,13.949,11.712,16.236
2007-04-21,14.46,11.245,18.482
2007-04-22,14.373,10.867,19.317
2007-04-23,14.292,10.04,20.719
2007-04-24,14.618,10.942,19.509
2007-04-25,14.127,10.237,19.239
2007-04-26,14.131,10.071,19.829
2007-04-27,14.598,11.483,19.868
2007-04-28,15.204,9.587,20.905
2007-04-29,14.775,10.205,20.405
2007-04-30,14.58,10.493,19.672
2007-05-01,14.413,9.921,19.937
2007-05-02,14.445,9.899,19.694
2007-05-03,14.948,11.924,19.683
2007-05-04,14.876,10.754,19.149
2007-05-05,14.436,10.013,19.719
2007-05-06,15.183,10.324,21.225
2007-05-07,14.741,9.856,20.886
2007-05-08,14.831,11.374,19.78
2007-05-09,14.756,10.014,20.104
2007-05-10,14.823,11.682,18.768
2007-05-11,15.009,9.949,21.292
2007-05-12,14.715,9.761,20.783
2007-05-13,14.146,10.511,20.569
2007-05-14,14.267,9.727,20.334
2007-05-15,15.069,9.867,21.501
2007-05-16,14.785,10.561,20.154
2007-05-17,15.298,11.254,21.377
2007-05-18,14.71,10.958,20.588
2007-05-19,14.82,12.166,19.123
2007-05-20,14.824,11.539,19.333
2007-05-21,14.591,11.348,18.951
2007-05-22,14.385,10.668,19.162
2007-05-23,14.968,11.481,19.312
2007-05-24,14.287,9.203,20.578
2007-05-25,14.051,9.661,20.249
2007-05-26,14.067,12.22,17.205
2007-05-27,14.089,9.615,18.963
2007-05-28,14.53,11.719,18.327
2007-05-29,13.665,10.786,18.609
2007-05-30,14.265,10.998,19.028
2007-05-31,14.161,10.977,18.726
2007-06-01,13.757,10.299,18.647
2007-06-02,14.07,10.13,17.946
2007-06-03,13.7,11.049,17.045
2007-06-04,14.018,8.976,20.484
2007-06-05,14.595,10.654,20.098
2007-06-06,14.095,9.389,18.886
2007-06-07,14.353,9.753,19.058
2007-06-08,14.231,9.24,20.068
2007-06-09,13.545,9.217,18.068
2007-06-10,13.986,8.131,19.34
2007-06-11,14.583,9.082,20.611
2007-06-12,15.065,9.084,22.188
2007-06-13,14.605,7.916,21.983
2007-06-14,14.623,9.087,20.291
2007-06-15,13.854,8.974,19.657
2007-06-16,14.346,9.4,19.654
2007-06-17,13.937,9.335,20.117
2007-06-18,14.56,10.177,20.301
2007-06-19,14.593,8.833,20.947
2007-06-20,14.634,9.412,20.891
2007-06-21,14.507,8.414,21.183
2007-06-22,14.792,9.808,21.277
2007-06-23,14.519,11.37,18.456
2007-06-24,14.741,11.45,19.657
2007-06-25,14.714,9.851,19.844
2007-06-26,14.416,10.094,20.841
2007-06-27,14.523,10.428,19.989
2007-06-28,14.473,11.217,19.109
2007-06-29,14.425,9.91,19.848
2007-06-30,14.902,11.416,20.494
2007-07-01,14.355,9.248,20.243
2007-07-02,15.184,9.751,21.118
2007-07-03,14.401,8.546,20.395
2007-07-04,14.302,8.867,21.049
2007-07-05,14.813,9.315,21.099
2007-07-06,15.117,8.725,21.649
2007-07-07,14.496,8.149,21.585
2007-07-08,14.416,9.608,19.885
2007-07-09,14.103,10.317,18.589
2007-07-10,14.545,9.227,21.048
2007-07-11,14.586,9.711,21.388
2007-07-12,14.713,10.744,20.095
2007-07-13,14.563,9.234,20.848
2007-07-14,14.871,10.089,20.523
2007-07-15,14.584,9.568,20.83
2007-07-16,14.076,8.985,19.37
2007-07-17,14.202,10.076,19.474
2007-07-18,14.659,8.1,21.086
2007-07-19,14.099,7.881,20.302
2007-07-20,14.099,8.98,20.067
2007-07-21,13.713,9.878,18.894
2007-07-22,13.456,9.959,18.588
2007-07-23,13.47,9.504,18.282
2007-07-24,13.962,9.321,19.343
2007-07-25,13.67,7.174,21.532
2007-07-26,14.015,7.253,20.743
2007-07-27,14.54,9.192,20.602
2007-07-28,13.736,8.804,19.664
2007-07-29,13.605,8.041,20.431
2007-07-30,13.756,8.347,20.266
2007-07-31,14.118,8.922,20.201
2007-08-01,14.026,8.317,20.36
2007-08-02,14.139,8.278,20.567
2007-08-03,14.476,9.331,19.724
2007-08-04,14.423,8.733,20.428
2007-08-05,14.244,10.055,19.074
2007-08-06,14.181,9.317,20.42
2007-08-07,14.413,9.835,19.095
2007-08-08,14.667,9.933,19.92
2007-08-09,14.294,10.739,18.585
2007-08-10,13.981,8.272,20.761
2007-08-11,14.242,9.127,19.791
2007-08-12,14.076,10.558,18.841
2007-08-13,14.255,8.703,20.708
2007-08-14,14.074,9.036,19.374
2007-08-15,14.191,10.327,19.261
2007-08-16,14.187,8.952,18.918
2007-08-17,14.42,10.242,19.88
2007-08-18,14.094,8.603,20.303
2007-08-19,14.091,9.117,19.534
2007-08-20,13.913,10.476,17.372
2007-08-21,13.748,8.922,19.403
2007-08-22,14.121,9.026,21.009
2007-08-23,14.254,10.594,19.103
2007-08-24,14.017,9.345,19.643
2007-08-25,13.375,10.842,16.987
2007-08-26,13.524,10.055,18.048
2007-08-27,13.801,10.501,18.904
2007-08-28,14.124,7.49,21.765
2007-08-29,14.372,9.374,20.458
2007-08-30,14.272,10.408,19.398
2007-08-31,13.833,9.117,19.152
2007-09-01,13.428,9.125,18.513
2007-09-02,14.252,9.363,20.146
2007-09-03,13.758,8.631,19.422
2007-09-04,13.941,9.112,19.907
2007-09-05,14.089,9.489,20.036
2007-09-06,14.098,8.299,19.882
2007-09-07,14.729,9.066,21.073
2007-09-08,14.186,8.751,18.879
2007-09-09,13.75,8.967,20.043
2007-09-10,13.74,7.878,20.317
2007-09-11,14.694,8.913,21.316
2007-09-12,15.032,8.818,21.521
2007-09-13,14.267,8.986,20.796
2007-09-14,14.327,9.618,20.132
2007-09-15,14.019,9.622,18.843
2007-09-16,13.146,7.871,19.714
2007-09-17,13.606,7.854,20.051
2007-09-18,15.328,9.343,22.053
2007-09-19,15.177,9.978,21.111
2007-09-20,14.512,10.162,19.521
2007-09-21,15.087,9.389,20.413
2007-09-22,15.037,8.26,21.212
2007-09-23,15.177,11.168,20.625
2007-09-24,13.81,7.925,20.664
2007-09-25,13.84,9.352,19.235
2007-09-26,14.203,11.252,18.314
2007-09-27,14.749,9.844,21.134
2007-09-28,15.205,8.922,22.378
2007-09-29,14.454,8.933,21.856
2007-09-30,14.542,9.433,20.957
2007-10-01,14.173,9.721,20.443
2007-10-02,14.464,8.428,21.569
2007-10-03,14.955,11.028,20.124
2007-10-04,14.961,9.605,20.717
2007-10-05,14.004,8.918,20.281
2007-10-06,14.575,10.3,20.47
2007-10-07,14.152,9.677,20.191
2007-10-08,14.472,10.183,19.963
2007-10-09,14.21,11.715,18.036
2007-10-10,14.289,10.374,19.165
2007-10-11,14.168,9.278,20.296
2007-10-12,14.043,11.721,18.128
2007-10-13,13.764,10.658,18.744
2007-10-14,14.534,11.682,19.222
2007-10-15,14.399,10.504,19.884
2007-10-16,14.154,9.607,20.107
2007-10-17,13.919,9.357,20.036
2007-10-18,13.793,10.537,19.152
2007-10-19,13.589,9.803,18.618
2007-10-20,13.866,10.633,18.517
2007-10-21,13.65,11.004,18.482
2007-10-22,13.716,10.427,19.361
2007-10-23,13.66,9.114,20.383
2007-10-24,13.714,9.19,19.435
2007-10-25,13.535,8.263,19.867
2007-10-26,14.325,10.143,19.729
2007-10-27,13.939,10.197,19.726
2007-10-28,13.505,10.39,17.607
2007-10-29,14.097,11.689,18.351
2007-10-30,13.884,10.512,18.919
2007-10-31,13.63,10.987,17.48
2007-11-01,13.578,10.641,18.461
2007-11-02,14.09,11.2,19.171
2007-11-03,14.457,11.868,19.634
2007-11-04,14.364,11.919,19.255
2007-11-05,14.002,9.237,19.906
2007-11-06,14.771,9.836,20.283
2007-11-07,14.139,10.669,18.991
2007-11-08,14.079,10.997,18.832
2007-11-09,14.499,11.984,18.83
2007-11-10,13.444,9.635,19.099
2007-11-11,14.093,9.79,19.245
2007-11-12,14.338,11.983,18.727
2007-11-13,13.918,9.243,19.613
2007-11-14,14.135,9.378,20.692
2007-11-15,14.8,9.325,20.734
2007-11-16,14.808,10.228,20.246
2007-11-17,14.6,9.891,21.269
2007-11-18,14.639,9.585,20.196
2007-11-19,14.779,8.811,21.876
2007-11-20,15.394,10.01,20.828
2007-11-21,14.617,9.452,20.22
2007-11-22,14.435,11.415,19.558
2007-11-23,14.18,10.942,19.115
2007-11-24,14.416,11.024,19.816
2007-11-25,14.44,9.98,19.805
2007-11-26,14.49,8.543,20.803
2007-11-27,14.582,8.296,21.444
2007-11-28,15.054,11.29,20.424
2007-11-29,14.622,10.801,19.544
2007-11-30,13.873,10.565,17.94
2007-12-01,13.866,8.609,19.374
2007-12-02,14.116,9.508,19.575
2007-12-03,13.77,9.44,18.863
2007-12-04,13.217,10.944,17.96
2007-12-05,13.122,9.003,18.609
2007-12-06,13.846,9.15,19.542
2007-12-07,14.029,11.098,17.977
2007-12-08,13.692,10.211,18.768
2007-12-09,14.122,11.037,18.864
2007-12-10,13.5,8.378,18.514
2007-12-11,13.51,9.121,19.292
2007-12-12,13.46,9.8,18.206
2007-12-13,13.748,10.973,18.612
2007-12-14,14.164,11.163,19.825
2007-12-15,13.179,9.519,18.062
2007-12-16,12.746,10.272,16.193
2007-12-17,12.967,10.112,17.019
2007-12-18,13.224,11.346,16.865
2007-12-19,12.889,8.801,17.359
2007-12-20,13.654,10.153,18.025
2007-12-21,13.972,11.017,18.64
2007-12-22,13.97,10.146,18.705
2007-12-23,13.759,9.689,19.269
2007-12-24,13.582,10.348,17.725
2007-12-25,14.0,11.065,19.362
2007-12-26,14.418,10.883,19.878
2007-12-27,13.746,9.079,19.019
2007-12-28,14.352,9.523,20.496
2007-12-29,14.308,8.466,20.684
2007-12-30,14.852,9.684,20.329
2007-12-31,14.895,10.194,20.658
2008-01-01,14.322,7.885,20.029
2008-01-02,13.88,7.888,19.914
2008-01-03,13.655,9.486,18.661
2008-01-04,14.641,10.071,20.231
2008-01-05,14.447,9.629,19.788
2008-01-06,14.459,9.789,19.579
2008-01-07,14.303,10.399,19.872
2008-01-08,13.674,9.789,18.567
2008-01-09,13.852,10.415,19.172
2008-01-10,13.299,9.898,18.369
2008-01-11,13.191,9.188,18.287
2008-01-12,14.34,10.486,19.537
2008-01-13,14.755,12.295,18.796
2008-01-14,13.946,9.368,19.308
2008-01-15,13.924,9.998,19.657
2008-01-16,13.526,8.333,19.622
2008-01-17,13.951,11.058,18.462
2008-01-18,14.482,9.275,20.789
2008-01-19,14.392,7.617,21.408
2008-01-20,14.577,8.816,20.381
2008-01-21,14.567,10.757,19.654
2008-01-22,14.443,10.431,19.667
2008-01-23,14.799,10.005,20.358
2008-01-24,15.26,11.139,20.57
2008-01-25,14.447,11.547,18.825
2008-01-26,14.074,10.608,18.934
2008-01-27,14.116,10.944,18.684
2008-01-28,13.942,11.076,18.392
2008-01-29,14.55,11.158,19.507
2008-01-30,13.679,11.544,17.186
2008-01-31,13.065,10.228,17.03
2008-02-01,12.854,10.309,16.244
2008-02-02,12.984,10.382,17.419
2008-02-03,13.135,10.188,17.661
2008-02-04,13.903,10.476,19.383
2008-02-05,13.638,7.104,19.928
2008-02-06,13.91,8.83,19.044
2008-02-07,13.875,8.668,19.938
2008-02-08,14.433,8.853,20.428
2008-02-09,14.723,10.343,19.78
2008-02-10,14.197,10.078,19.915
2008-02-11,13.793,10.465,19.061
2008-02-12,14.204,9.555,20.14
2008-02-13,14.435,8.664,21.177
2008-02-14,14.729,9.983,20.199
2008-02-15,14.209,9.646,19.688
2008-02-16,13.624,9.433,19.734
2008-02-17,14.426,10.691,20.284
2008-02-18,14.118,11.733,18.303
2008-02-19,13.826,10.565,18.297
2008-02-20,13.845,11.061,18.891
2008-02-21,14.05,11.27,18.782
2008-02-22,14.253,10.278,19.189
2008-02-23,14.906,11.069,20.507
2008-02-24,14.906,11.104,20.122
2008-02-25,15.004,11.694,20.308
2008-02-26,14.465,10.143,20.017
2008-02-27,14.489,10.39,20.114
2008-02-28,13.727,10.104,18.98
2008-02-29,14.749,10.751,20.663
2008-03-01,14.577,9.813,20.634
2008-03-02,14.488,9.646,20.116
2008-03-03,14.999,11.503,19.764
2008-03-04,14.365,11.198,19.476
2008-03-05,14.031,11.062,19.549
2008-03-06,13.565,10.649,18.725
2008-03-07,13.489,10.053,18.974
2008-03-08,14.115,11.359,19.087
2008-03-09,13.738,10.259,19.258
2008-03-10,14.247,11.042,19.078
2008-03-11,13.717,9.67,19.017
2008-03-12,13.879,10.209,18.671
2008-03-13,14.14,11.259,19.329
2008-03-14,12.951,11.244,15.32
2008-03-15,13.573,10.526,19.073
2008-03-16,14.022,8.326,20.55
2008-03-17,14.537,8.48,21.63
2008-03-18,15.103,9.432,21.23
2008-03-19,14.765,9.359,20.619
2008-03-20,14.597,10.368,19.931
2008-03-21,14.615,10.498,20.361
2008-03-22,14.908,9.962,21.351
2008-03-23,14.956,10.259,20.896
2008-03-24,14.865,10.445,21.746
2008-03-25,15.202,11.379,20.237
2008-03-26,15.035,9.966,21.502
2008-03-27,15.035,10.788,20.788
2008-03-28,14.506,9.72,20.075
2008-03-29,14.798,11.272,20.231
2008-03-30,14.648,10.477,19.812
2008-03-31,14.153,11.166,19.386
2008-04-01,13.197,11.794,16.424
2008-04-02,13.515,9.975,19.054
2008-04-03,13.492,8.833,18.73
2008-04-04,13.801,9.435,19.374
2008-04-05,13.515,9.259,19.626
2008-04-06,13.89,9.917,19.503
2008-04-07,14.288,10.221,19.858
2008-04-08,14.99,11.118,20.379
2008-04-09,14.462,10.708,19.383
2008-04-10,14.174,10.545,19.533
2008-04-11,13.594,9.474,19.37
2008-04-12,14.029,10.533,18.86
2008-04-13,13.617,9.695,19.316
2008-04-14,13.236,9.939,17.152
2008-04-15,13.756,10.246,17.964
2008-04-16,13.919,7.872,20.358
2008-04-17,14.676,8.068,22.235
2008-04-18,15.217,9.408,21.472
2008-04-19,14.998,10.829,20.385
2008-04-20,15.128,10.081,20.897
2008-04-21,14.721,11.381,20.045
2008-04-22,14.673,10.661,20.065
2008-04-23,14.237,10.853,19.98
2008-04-24,14.036,12.176,17.326
2008-04-25,14.592,11.667,19.612
2008-04-26,14.729,11.547,18.899
2008-04-27,14.358,11.722,20.2
2008-04-28,14.166,9.34,20.207
2008-04-29,14.778,9.21,21.049
2008-04-30,15.089,11.009,20.231
2008-05-01,14.852,11.221,19.559
2008-05-02,14.532,11.381,19.315
2008-05-03,14.149,11.495,17.866
2008-05-04,14.438,12.139,18.634
2008-05-05,14.153,10.687,18.74
2008-05-06,14.303,10.234,19.362
2008-05-07,14.825,10.585,19.791
2008-05-08,14.442,9.998,19.305
2008-05-09,13.762,9.643,19.205
2008-05-10,14.268,8.464,20.829
2008-05-11,15.105,10.283,20.359
2008-05-12,14.389,8.855,20.82
2008-05-13,14.728,9.093,20.873
2008-05-14,15.017,9.102,21.005
2008-05-15,14.833,9.911,20.236
2008-05-16,14.326,10.628,19.321
2008-05-17,14.41,11.313,19.372
2008-05-18,13.92,9.425,18.303
2008-05-19,14.266,10.449,18.754
2008-05-20,13.9,10.463,18.455
2008-05-21,14.017,10.1,19.803
2008-05-22,14.024,11.453,18.295
2008-05-23,14.249,10.77,19.782
2008-05-24,13.979,10.645,19.247
2008-05-25,13.89,11.256,17.908
2008-05-26,13.309,10.515,17.45
2008-05-27,13.404,10.365,17.224
2008-05-28,13.453,11.646,16.743
2008-05-29,13.073,9.056,18.887
2008-05-30,13.713,9.083,18.883
2008-05-31,14.04,8.918,19.581
2008-06-01,14.072,8.564,19.349
2008-06-02,14.058,9.945,19.616
2008-06-03,14.048,11.523,18.022
2008-06-04,13.615,9.08,19.681
2008-06-05,13.982,9.042,19.586
2008-06-06,13.566,9.893,17.331
2008-06-07,13.759,8.404,19.71
2008-06-08,13.887,9.98,19.458
2008-06-09,13.653,8.225,19.39
2008-06-10,14.047,11.365,18.416
2008-06-11,14.037,9.998,20.041
2008-06-12,14.907,8.697,21.962
2008-06-13,15.132,9.891,21.066
2008-06-14,14.624,9.859,19.079
2008-06-15,14.359,10.523,19.213
2008-06-16,14.191,8.621,19.737
2008-06-17,14.094,7.514,20.87
2008-06-18,14.725,10.935,19.545
2008-06-19,14.519,9.73,20.538
2008-06-20,14.164,8.848,20.644
2008-06-21,14.445,9.29,20.027
2008-06-22,13.955,10.503,18.02
2008-06-23,13.189,9.36,17.336
2008-06-24,13.538,9.268,18.329
2008-06-25,13.55,11.251,16.638
2008-06-26,13.998,9.364,19.764
2008-06-27,14.417,10.434,20.493
2008-06-28,14.023,10.237,19.361
2008-06-29,13.996,10.631,19.533
2008-06-30,13.843,8.563,19.991
2008-07-01,13.636,8.995,19.249
2008-07-02,13.617,9.813,18.601
2008-07-03,13.758,10.085,18.646
2008-07-04,14.348,11.305,18.529
2008-07-05,13.874,9.57,18.569
2008-07-06,13.495,9.195,18.686
2008-07-07,13.673,9.228,19.263
2008-07-08,13.699,9.166,18.786
2008-07-09,13.972,10.463,18.39
2008-07-10,13.388,8.293,18.956
2008-07-11,13.882,10.251,18.719
2008-07-12,14.534,10.658,19.551
2008-07-13,13.954,10.282,19.398
2008-07-14,14.102,10.716,18.503
2008-07-15,13.616,9.52,19.281
2008-07-16,13.987,10.869,19.001
2008-07-17,13.24,9.667,17.446
2008-07-18,14.002,10.427,19.737
2008-07-19,13.902,9.856,19.33
2008-07-20,13.676,7.97,20.665
2008-07-21,14.422,8.851,20.014
2008-07-22,13.927,8.285,20.422
2008-07-23,14.035,7.776,20.513
2008-07-24,14.313,7.447,20.315
2008-07-25,14.44,8.753,20.514
2008-07-26,14.279,8.833,19.749
2008-07-27,14.546,8.899,20.138
2008-07-28,14.116,10.319,18.367
2008-07-29,13.994,8.994,18.85
2008-07-30,14.402,9.069,20.178
2008-07-31,13.956,10.005,18.69
2008-08-01,13.778,8.37,19.907
2008-08-02,14.073,8.863,19.573
2008-08-03,14.304,10.13,18.865
2008-08-04,14.371,8.871,20.251
2008-08-05,14.786,8.597,21.327
2008-08-06,14.418,9.406,20.76
2008-08-07,14.525,7.441,21.815
2008-08-08,14.644,8.557,21.7
2008-08-09,15.1,9.497,21.514
2008-08-10,14.463,9.696,19.651
2008-08-11,13.321,8.721,19.219
2008-08-12,14.05,10.356,19.609
2008-08-13,14.053,9.383,20.499
2008-08-14,14.416,9.315,20.585
2008-08-15,14.006,10.162,19.024
2008-08-16,14.286,10.533,19.218
2008-08-17,13.846,9.814,19.226
2008-08-18,13.756,10.279,18.319
2008-08-19,13.727,9.718,18.545
2008-08-20,13.971,9.381,20.163
2008-08-21,13.73,9.161,17.822
2008-08-22,13.918,9.079,20.193
2008-08-23,13.885,11.157,17.939
2008-08-24,13.576,11.458,16.566
2008-08-25,13.873,9.433,19.83
2008-08-26,13.554,8.384,19.532
2008-08-27,13.704,9.49,19.433
2008-08-28,14.406,9.825,19.879
2008-08-29,14.572,9.779,19.892
2008-08-30,14.564,12.304,18.427
2008-08-31,14.323,9.144,19.764
2008-09-01,14.601,10.369,20.763
2008-09-02,14.394,9.342,19.763
2008-09-03,14.177,11.855,17.752
2008-09-04,14.661,12.141,18.639
2008-09-05,14.298,9.874,19.404
2008-09-06,14.74,8.239,22.015
2008-09-07,15.301,9.662,21.214
2008-09-08,14.256,8.598,21.814
2008-09-09,13.867,8.441,20.38
2008-09-10,14.207,7.488,21.838
2008-09-11,14.068,7.713,20.555
2008-09-12,14.542,8.026,21.508
2008-09-13,14.658,8.985,21.925
2008-09-14,15.267,9.863,21.332
2008-09-15,14.59,9.573,21.108
2008-09-16,14.627,9.763,20.016
2008-09-17,13.764,10.65,18.187
2008-09-18,13.787,8.593,19.275
2008-09-19,14.197,10.297,19.632
2008-09-20,14.118,10.276,18.479
2008-09-21,13.967,8.588,19.994
2008-09-22,14.542,8.956,20.749
2008-09-23,14.047,8.783,19.072
2008-09-24,13.495,8.454,19.28
2008-09-25,14.499,8.999,21.367
2008-09-26,14.786,10.626,20.903
2008-09-27,14.811,9.6,20.38
2008-09-28,14.501,9.468,20.728
2008-09-29,14.763,9.95,21.206
2008-09-30,14.755,9.26,20.741
2008-10-01,13.951,9.841,19.494
2008-10-02,14.282,9.625,19.888
2008-10-03,14.094,9.204,20.239
2008-10-04,14.127,9.781,20.046
2008-10-05,13.922,9.788,19.433
2008-10-06,13.99,10.449,19.676
2008-10-07,13.799,10.206,19.689
2008-10-08,14.143,9.234,19.528
2008-10-09,13.424,7.558,19.863
2008-10-10,13.782,9.536,19.146
2008-10-11,14.332,10.649,19.456
2008-10-12,13.935,11.081,19.559
2008-10-13,14.073,10.049,19.415
2008-10-14,14.106,9.957,19.054
2008-10-15,14.758,10.07,19.988
2008-10-16,14.365,11.279,18.339
2008-10-17,14.165,10.261,19.978
2008-10-18,14.458,9.377,20.625
2008-10-19,14.572,9.157,20.605
2008-10-20,14.405,9.433,19.584
2008-10-21,14.702,8.904,20.635
2008-10-22,14.976,9.896,21.082
2008-10-23,15.234,8.985,21.463
2008-10-24,15.066,9.575,20.713
2008-10-25,13.967,9.98,17.63
2008-10-26,14.745,10.843,20.373
2008-10-27,14.469,9.672,20.6
2008-10-28,13.809,10.212,18.292
2008-10-29,13.947,10.012,18.777
2008-10-30,14.572,9.47,20.083
2008-10-31,14.287,9.793,20.139
2008-11-01,13.945,9.844,19.571
2008-11-02,13.943,11.526,18.318
2008-11-03,14.323,10.408,19.593
2008-11-04,13.465,10.479,17.564
2008-11-05,13.662,8.693,18.487
2008-11-06,14.101,10.231,19.091
2008-11-07,14.252,9.859,19.934
2008-11-08,13.727,9.127,19.459
2008-11-09,14.177,9.057,19.761
2008-11-10,15.37,10.523,21.464
2008-11-11,15.188,10.847,20.549
2008-11-12,14.284,10.015,19.79
2008-11-13,14.243,10.908,19.411
2008-11-14,13.908,11.829,17.147
2008-11-15,13.705,11.486,17.478
2008-11-16,13.904,11.785,18.233
2008-11-17,14.075,11.44,18.688
2008-11-18,14.26,11.894,18.954
2008-11-19,14.643,12.36,18.532
2008-11-20,14.419,11.856,19.113
2008-11-21,14.855,12.997,19.052
2008-11-22,14.561,12.548,17.874
2008-11-23,15.083,11.948,19.432
2008-11-24,14.75,11.858,18.755
2008-11-25,14.15,11.766,18.316
2008-11-26,13.748,12.094,16.912
2008-11-27,13.951,11.651,17.273
2008-11-28,13.645,9.449,18.962
2008-11-29,13.774,10.986,16.884
2008-11-30,14.135,10.509,18.897
2008-12-01,13.648,10.108,18.11
2008-12-02,14.054,11.521,17.495
2008-12-03,13.956,11.059,18.165
2008-12-04,13.978,9.086,18.969
2008-12-05,14.125,10.696,19.007
2008-12-06,14.392,10.222,19.836
2008-12-07,14.083,10.483,19.161
2008-12-08,13.43,9.268,19.349
2008-12-09,14.278,8.701,20.679
2008-12-10,15.099,9.573,20.73
2008-12-11,14.6,10.356,19.192
2008-12-12,13.895,10.117,19.2
2008-12-13,13.211,8.731,18.538
2008-12-14,13.999,10.907,18.549
2008-12-15,14.11,10.627,19.205
2008-12-16,13.788,9.619,18.223
2008-12-17,13.614,10.458,17.315
2008-12-18,13.481,11.594,17.129
2008-12-19,14.059,11.657,18.33
2008-12-20,13.644,9.873,18.29
2008-12-21,13.891,11.199,17.92
2008-12-22,13.971,11.621,17.979
2008-12-23,14.037,10.375,18.971
2008-12-24,13.986,9.96,19.191
2008-12-25,14.4,11.632,18.649
2008-12-26,14.162,10.069,18.68
2008-12-27,14.314,11.233,18.896
2008-12-28,14.377,11.458,19.482
2008-12-29,13.777,10.216,18.716
2008-12-30,14.523,11.724,18.892
2008-12-31,14.462,12.165,18.676
2009-01-01,14.678,11.233,19.013
2009-01-02,14.473,10.219,18.784
2009-01-03,14.061,8.666,20.185
2009-01-04,14.232,10.431,18.589
2009-01-05,14.149,10.134,20.379
2009-01-06,14.162,10.021,18.949
2009-01-07,13.965,10.277,19.314
2009-01-08,14.205,9.411,20.306
2009-01-09,14.149,10.371,19.418
2009-01-10,14.452,9.796,20.845
2009-01-11,14.954,9.8,20.478
2009-01-12,14.589,9.581,20.017
2009-01-13,14.137,8.731,20.269
2009-01-14,14.495,10.866,19.831
2009-01-15,14.506,10.087,20.146
2009-01-16,14.226,10.927,19.576
2009-01-17,13.516,10.612,18.039
2009-01-18,13.656,10.277,19.202
2009-01-19,13.776,10.418,18.22
2009-01-20,14.014,11.554,18.473
2009-01-21,14.13,11.139,19.06
2009-01-22,14.188,10.224,19.56
2009-01-23,14.091,10.399,20.264
2009-01-24,13.975,11.033,18.591
2009-01-25,14.114,10.335,19.039
2009-01-26,14.294,11.29,18.887
2009-01-27,14.566,9.258,20.576
2009-01-28,14.774,9.228,20.495
2009-01-29,14.403,9.944,19.723
2009-01-30,13.977,9.48,18.989
2009-01-31,13.617,10.325,18.579
2009-02-01,14.374,10.172,20.309
2009-02-02,13.947,9.867,19.97
2009-02-03,14.273,8.906,20.821
2009-02-04,14.917,9.53,20.89
2009-02-05,14.432,9.777,20.323
2009-02-06,14.107,9.391,20.083
2009-02-07,14.374,10.99,19.27
2009-02-08,14.625,11.601,19.529
2009-02-09,14.618,11.477,19.237
2009-02-10,14.505,10.302,20.258
2009-02-11,14.189,10.171,18.228
2009-02-12,13.756,9.092,18.784
2009-02-13,13.661,8.755,19.819
2009-02-14,13.603,8.872,19.696
2009-02-15,13.801,9.638,18.978
2009-02-16,14.04,10.311,19.611
2009-02-17,14.154,11.144,18.829
2009-02-18,14.405,10.062,20.096
2009-02-19,13.997,10.586,19.395
2009-02-20,14.432,10.342,20.19
2009-02-21,15.12,10.232,20.875
2009-02-22,15.098,9.522,20.602
2009-02-23,14.717,10.955,19.773
2009-02-24,14.335,10.32,20.338
2009-02-25,14.673,11.777,19.59
2009-02-26,14.006,10.037,18.992
2009-02-27,14.227,10.467,20.444
2009-02-28,15.055,11.28,20.466
2009-03-01,15.208,11.152,20.989
2009-03-02,14.532,10.897,19.275
2009-03-03,14.65,11.311,19.001
2009-03-04,13.995,10.612,19.192
2009-03-05,14.267,10.031,20.382
2009-03-06,14.397,10.401,20.256
2009-03-07,14.618,9.153,20.873
2009-03-08,15.009,10.776,20.786
2009-03-09,14.692,11.169,20.208
2009-03-10,14.915,9.803,20.808
2009-03-11,15.014,10.791,20.615
2009-03-12,14.917,11.584,20.095
2009-03-13,14.459,11.546,19.691
2009-03-14,14.061,9.673,20.312
2009-03-15,14.464,10.588,20.22
2009-03-16,14.252,9.59,19.608
2009-03-17,14.433,11.719,19.108
2009-03-18,13.898,10.188,18.146
2009-03-19,14.584,10.951,19.532
2009-03-20,14.025,10.797,19.645
2009-03-21,14.233,11.628,17.589
2009-03-22,14.291,11.322,18.456
2009-03-23,14.674,11.482,20.199
2009-03-24,13.996,9.736,19.273
2009-03-25,14.424,11.011,19.278
2009-03-26,14.389,11.491,19.069
2009-03-27,14.162,10.023,19.902
2009-03-28,13.976,9.164,19.475
2009-03-29,13.88,10.862,17.436
2009-03-30,14.581,10.521,20.409
2009-03-31,13.927,9.68,19.817
2009-04-01,13.966,10.841,18.71
2009-04-02,13.712,10.555,18.003
2009-04-03,14.639,11.451,19.582
2009-04-04,14.752,10.75,19.461
2009-04-05,15.717,11.62,21.34
2009-04-06,15.637,11.788,21.243
2009-04-07,15.21,12.034,19.864
2009-04-08,14.611,11.584,19.351
2009-04-09,14.109,10.94,19.319
2009-04-10,14.085,9.663,19.671
2009-04-11,14.641,10.073,20.434
2009-04-12,13.938,9.603,19.505
2009-04-13,14.877,11.464,20.277
2009-04-14,14.916,9.869,20.842
2009-04-15,14.895,10.422,20.827
2009-04-16,15.489,10.436,21.009
2009-04-17,15.619,11.811,20.635
2009-04-18,15.262,10.917,20.175
2009-04-19,14.997,9.935,20.681
2009-04-20,15.14,10.218,21.153
2009-04-21,15.053,11.832,20.16
2009-04-22,14.617,9.608,20.94
2009-04-23,14.805,11.023,19.692
2009-04-24,15.108,11.81,20.973
2009-04-25,15.213,10.518,21.132
2009-04-26,15.527,10.667,21.076
2009-04-27,16.084,10.904,22.121
2009-04-28,15.705,11.707,21.808
2009-04-29,15.114,11.855,20.101
2009-04-30,14.735,12.936,17.358
2009-05-01,14.469,10.713,18.979
2009-05-02,14.487,10.313,19.585
2009-05-03,13.923,11.753,16.743
2009-05-04,13.303,11.765,16.249
2009-05-05,14.373,10.656,19.408
2009-05-06,14.649,11.738,20.102
2009-05-07,14.463,10.018,20.86
2009-05-08,14.042,10.047,19.679
2009-05-09,14.429,10.257,20.791
2009-05-10,14.741,9.273,20.23
2009-05-11,15.07,9.725,22.046
2009-05-12,15.063,9.394,21.096
2009-05-13,14.465,9.658,20.682
2009-05-14,14.827,10.055,21.134
2009-05-15,14.703,9.761,20.239
2009-05-16,14.633,10.231,20.023
2009-05-17,14.395,10.651,19.351
2009-05-18,15.3,11.143,21.136
2009-05-19,14.676,10.186,19.892
2009-05-20,14.591,9.677,21.027
2009-05-21,14.473,10.293,19.046
2009-05-22,14.553,9.526,20.597
2009-05-23,14.254,9.562,19.61
2009-05-24,14.342,9.701,19.945
2009-05-25,15.218,10.566,21.001
2009-05-26,15.406,11.289,20.863
2009-05-27,14.755,9.733,21.339
2009-05-28,14.492,9.968,19.918
2009-05-29,14.081,10.359,18.276
2009-05-30,14.468,9.645,20.197
2009-05-31,14.858,10.065,20.044
2009-06-01,15.775,10.003,21.749
2009-06-02,16.496,9.573,23.424
2009-06-03,15.995,9.94,22.637
2009-06-04,15.247,9.815,20.273
2009-06-05,14.637,12.242,17.367
2009-06-06,14.338,9.79,19.772
2009-06-07,14.287,11.156,18.127
2009-06-08,14.462,9.352,20.62
2009-06-09,14.805,9.101,21.547
2009-06-10,14.466,9.144,19.162
2009-06-11,14.449,9.877,19.907
2009-06-12,14.741,9.94,20.344
2009-06-13,13.972,10.569,17.871
2009-06-14,13.968,11.746,18.465
2009-06-15,14.108,10.306,18.947
2009-06-16,14.318,9.317,20.231
2009-06-17,14.379,8.924,20.263
2009-06-18,14.526,9.297,19.796
2009-06-19,14.33,9.304,19.129
2009-06-20,14.871,11.007,19.712
2009-06-21,14.083,9.706,19.57
2009-06-22,13.793,10.904,18.78
2009-06-23,14.249,10.822,18.752
2009-06-24,14.184,9.036,20.58
2009-06-25,14.378,10.245,19.349
2009-06-26,14.428,8.974,19.854
2009-06-27,14.606,8.618,21.86
2009-06-28,13.967,8.573,20.013
2009-06-29,14.093,9.476,19.472
2009-06-30,13.995,8.858,19.809
2009-07-01,14.083,9.043,19.472
2009-07-02,14.411,9.092,20.447
2009-07-03,13.96,9.026,19.596
2009-07-04,14.264,10.591,18.989
2009-07-05,14.272,9.294,20.107
2009-07-06,15.172,9.831,20.948
2009-07-07,14.63,9.505,20.609
2009-07-08,14.252,9.563,19.952
2009-07-09,13.807,9.75,18.258
2009-07-10,13.947,8.16,20.285
2009-07-11,14.022,8.455,20.022
2009-07-12,13.94,9.205,18.392
2009-07-13,14.604,8.467,21.975
2009-07-14,14.591,8.934,20.326
2009-07-15,14.397,8.008,21.484
2009-07-16,14.54,9.826,19.562
2009-07-17,14.808,8.641,21.625
2009-07-18,15.04,9.163,21.287
2009-07-19,14.928,9.061,21.392
2009-07-20,15.031,10.21,19.875
2009-07-21,14.888,11.83,19.392
2009-07-22,14.494,10.946,19.022
2009-07-23,15.341,12.538,20.085
2009-07-24,15.127,9.235,21.617
2009-07-25,14.88,7.794,22.264
2009-07-26,15.166,8.684,21.407
2009-07-27,15.274,9.889,21.017
2009-07-28,14.576,8.573,21.903
2009-07-29,15.022,9.152,20.881
2009-07-30,15.202,11.234,21.61
2009-07-31,14.059,8.13,20.17
2009-08-01,15.18,11.119,21.211
2009-08-02,15.396,10.076,21.899
2009-08-03,15.741,8.875,22.987
2009-08-04,15.414,9.142,22.134
2009-08-05,15.142,10.727,20.329
2009-08-06,14.193,9.703,19.476
2009-08-07,14.373,11.359,18.333
2009-08-08,14.315,10.99,18.879
2009-08-09,14.379,9.996,19.924
2009-08-10,14.597,8.199,21.512
2009-08-11,14.726,8.703,20.73
2009-08-12,14.742,9.578,20.927
2009-08-13,14.924,9.496,21.658
2009-08-14,14.022,8.633,20.455
2009-08-15,14.54,9.198,19.795
2009-08-16,15.138,10.82,21.115
2009-08-17,14.725,10.601,18.761
2009-08-18,14.414,9.84,18.577
2009-08-19,14.842,10.108,20.823
2009-08-20,14.406,9.902,20.198
2009-08-21,14.566,11.023,19.408
2009-08-22,14.366,8.836,20.413
2009-08-23,14.901,10.799,21.177
2009-08-24,14.718,9.564,20.891
2009-08-25,14.408,8.121,21.328
2009-08-26,14.864,9.459,20.673
2009-08-27,14.624,8.526,22.609
2009-08-28,14.31,8.943,19.986
2009-08-29,14.35,9.172,20.188
2009-08-30,14.152,8.889,20.308
2009-08-31,14.986,9.631,21.436
2009-09-01,15.432,9.844,21.489
2009-09-02,16.102,9.715,23.433
2009-09-03,15.112,8.919,20.801
2009-09-04,15.125,8.935,22.264
2009-09-05,15.819,7.962,24.245
2009-09-06,15.375,7.578,23.503
2009-09-07,16.101,11.309,22.076
2009-09-08,16.043,9.215,22.886
2009-09-09,15.917,10.894,21.832
2009-09-10,15.007,9.418,21.713
2009-09-11,15.216,8.647,22.875
2009-09-12,14.946,10.447,19.566
2009-09-13,14.661,9.837,19.32
2009-09-14,14.86,9.29,22.482
2009-09-15,14.413,11.443,20.237
2009-09-16,14.135,12.041,16.783
2009-09-17,13.961,9.206,19.462
2009-09-18,14.452,8.961,20.674
2009-09-19,15.19,9.33,22.153
2009-09-20,15.572,9.077,22.401
2009-09-21,15.148,9.696,21.435
2009-09-22,14.765,10.215,19.617
2009-09-23,14.823,8.438,21.53
2009-09-24,15.553,8.562,23.492
2009-09-25,14.571,7.992,21.616
2009-09-26,15.385,9.03,22.511
2009-09-27,15.809,9.776,21.438
2009-09-28,14.998,9.51,20.653
2009-09-29,15.635,9.376,23.639
2009-09-30,15.898,9.325,23.916
2009-10-01,15.495,8.934,22.365
2009-10-02,15.692,10.297,20.813
2009-10-03,14.929,10.948,19.739
2009-10-04,14.665,11.513,19.551
2009-10-05,14.72,8.473,21.98
2009-10-06,15.952,11.537,21.906
2009-10-07,15.352,11.19,20.449
2009-10-08,15.772,10.736,22.476
2009-10-09,14.853,7.256,22.821
2009-10-10,15.824,12.141,20.837
2009-10-11,14.924,11.258,19.096
2009-10-12,14.457,11.094,19.207
2009-10-13,14.586,10.309,19.431
2009-10-14,14.159,10.61,18.657
2009-10-15,13.56,11.19,16.901
2009-10-16,14.359,11.01,19.69
2009-10-17,14.785,8.387,22.003
2009-10-18,14.479,9.572,20.714
2009-10-19,14.563,10.784,19.38
2009-10-20,14.133,10.913,18.829
2009-10-21,14.646,10.83,19.962
2009-10-22,15.36,11.867,20.924
2009-10-23,15.396,11.374,21.219
2009-10-24,14.842,11.574,19.11
2009-10-25,14.615,11.401,18.45
2009-10-26,15.258,9.304,22.656
2009-10-27,14.56,8.339,21.106
2009-10-28,14.63,9.407,21.166
2009-10-29,14.71,9.817,19.558
2009-10-30,14.358,11.806,19.379
2009-10-31,13.824,9.959,18.708
2009-11-01,13.996,11.331,18.546
2009-11-02,13.728,10.016,19.001
2009-11-03,13.957,10.834,18.402
2009-11-04,13.732,10.073,18.601
2009-11-05,14.415,10.975,20.258
2009-11-06,13.474,10.241,17.517
2009-11-07,13.945,10.42,19.436
2009-11-08,15.004,12.187,20.394
2009-11-09,14.843,10.96,20.333
2009-11-10,15.297,9.79,21.041
2009-11-11,14.935,10.45,19.795
2009-11-12,14.501,10.632,19.767
2009-11-13,14.951,10.992,20.192
2009-11-14,14.589,10.273,20.05
2009-11-15,14.551,9.696,20.351
2009-11-16,14.856,10.076,20.495
2009-11-17,14.733,10.119,20.964
2009-11-18,14.955,10.971,20.588
2009-11-19,14.932,9.384,20.616
2009-11-20,15.509,10.179,21.846
2009-11-21,16.349,12.721,21.536
2009-11-22,15.579,10.822,21.961
2009-11-23,15.376,9.867,21.757
2009-11-24,15.397,10.606,20.43
2009-11-25,14.92,10.224,20.217
2009-11-26,15.344,11.287,20.667
2009-11-27,15.804,11.469,21.537
2009-11-28,15.465,11.309,20.742
2009-11-29,15.401,11.312,21.019
2009-11-30,15.444,9.892,21.679
2009-12-01,15.376,10.266,20.816
2009-12-02,15.903,10.456,22.404
2009-12-03,15.931,10.617,21.83
2009-12-04,16.104,10.721,21.681
2009-12-05,15.577,8.736,21.465
2009-12-06,15.129,11.221,20.41
2009-12-07,15.033,9.515,20.938
2009-12-08,15.521,10.459,20.977
2009-12-09,15.073,11.163,20.807
2009-12-10,14.824,11.306,19.449
2009-12-11,14.773,10.655,20.568
2009-12-12,14.939,10.637,20.563
2009-12-13,15.046,10.159,21.085
2009-12-14,15.771,10.117,22.451
2009-12-15,16.421,11.28,21.928
2009-12-16,15.761,12.097,19.846
2009-12-17,15.504,11.985,20.336
2009-12-18,15.25,12.303,20.204
2009-12-19,14.119,11.529,16.966
2009-12-20,14.408,10.75,19.415
2009-12-21,14.368,10.638,19.397
2009-12-22,13.97,9.1,19.754
2009-12-23,14.3,9.27,20.089
2009-12-24,14.889,10.276,20.563
2009-12-25,14.462,10.487,19.334
2009-12-26,14.025,9.836,19.781
2009-12-27,13.919,9.337,19.317
2009-12-28,14.067,9.581,19.236
2009-12-29,14.509,8.985,20.396
2009-12-30,15.163,9.797,20.969
2009-12-31,15.404,10.102,21.523
2010-01-01,14.545,7.222,21.123
2010-01-02,14.798,8.657,21.438
2010-01-03,15.244,8.082,22.339
2010-01-04,15.483,10.01,22.508
2010-01-05,15.453,9.829,22.073
2010-01-06,15.062,9.872,20.882
2010-01-07,15.684,11.196,21.537
2010-01-08,15.468,9.197,22.424
2010-01-09,16.25,11.55,22.147
2010-01-10,15.426,10.056,20.969
2010-01-11,15.132,10.388,20.701
2010-01-12,15.473,9.696,21.519
2010-01-13,15.558,10.378,20.941
2010-01-14,16.345,10.664,23.323
2010-01-15,16.319,10.885,22.761
2010-01-16,16.481,10.18,23.204
2010-01-17,17.146,11.593,23.592
2010-01-18,16.114,9.08,23.013
2010-01-19,16.451,10.755,22.651
2010-01-20,16.011,9.195,23.623
2010-01-21,16.548,9.611,24.275
2010-01-22,16.578,9.852,22.974
2010-01-23,15.967,12.951,19.687
2010-01-24,15.652,12.449,20.793
2010-01-25,15.558,11.114,21.256
2010-01-26,15.459,12.629,20.265
2010-01-27,15.608,12.442,20.155
2010-01-28,15.583,11.328,21.563
2010-01-29,15.654,11.105,21.88
2010-01-30,16.491,12.239,22.141
2010-01-31,16.717,10.307,25.104
2010-02-01,17.045,10.407,24.46
2010-02-02,17.295,10.66,24.83
2010-02-03,17.899,11.089,24.603
2010-02-04,18.253,11.793,25.093
2010-02-05,17.971,12.263,23.703
2010-02-06,16.575,12.336,21.775
2010-02-07,16.351,11.396,22.387
2010-02-08,16.567,10.314,22.952
2010-02-09,15.574,11.0,20.972
2010-02-10,15.564,10.992,21.595
2010-02-11,16.94,12.848,22.791
2010-02-12,17.356,10.829,24.69
2010-02-13,16.596,11.003,21.981
2010-02-14,16.093,12.203,20.735
2010-02-15,16.447,10.7,22.538
2010-02-16,16.302,11.384,22.525
2010-02-17,17.044,12.96,23.203
2010-02-18,16.884,9.651,24.122
2010-02-19,16.521,10.57,23.484
2010-02-20,16.554,12.67,21.842
2010-02-21,16.832,13.635,22.677
2010-02-22,16.809,13.407,21.853
2010-02-23,16.066,11.927,21.399
2010-02-24,15.778,11.629,21.151
2010-02-25,15.516,12.643,19.756
2010-02-26,15.083,10.726,20.934
2010-02-27,15.938,11.858,21.36
2010-02-28,16.541,11.292,22.719
2010-03-01,17.114,11.611,24.135
2010-03-02,16.491,10.82,22.266
2010-03-03,16.297,12.088,21.79
2010-03-04,16.288,13.196,21.228
2010-03-05,16.453,11.775,23.071
2010-03-06,16.249,12.589,21.102
2010-03-07,16.061,12.212,21.721
2010-03-08,16.495,13.893,20.605
2010-03-09,16.177,12.26,21.788
2010-03-10,16.063,10.662,21.987
2010-03-11,16.588,12.792,21.871
2010-03-12,16.088,11.589,21.094
2010-03-13,16.652,12.728,22.771
2010-03-14,16.796,11.613,22.269
2010-03-15,16.699,11.95,21.947
2010-03-16,15.976,10.868,22.11
2010-03-17,16.305,12.963,21.775
2010-03-18,14.944,10.916,20.248
2010-03-19,15.435,11.349,20.122
2010-03-20,16.013,10.038,22.363
2010-03-21,15.967,9.196,22.292
2010-03-22,16.29,11.56,21.84
2010-03-23,16.281,10.263,22.705
2010-03-24,17.454,11.003,24.876
2010-03-25,16.822,10.219,23.293
2010-03-26,16.087,11.091,21.971
2010-03-27,16.583,11.048,22.667
2010-03-28,16.854,12.316,22.374
2010-03-29,16.505,11.524,22.079
2010-03-30,15.522,12.085,20.091
2010-03-31,15.34,10.123,21.531
2010-04-01,16.013,10.97,22.498
2010-04-02,16.007,11.914,21.493
2010-04-03,15.608,12.077,20.627
2010-04-04,15.541,12.179,20.244
2010-04-05,15.577,12.835,20.645
2010-04-06,14.901,12.273,19.03
2010-04-07,15.136,12.096,20.067
2010-04-08,15.337,11.853,21.179
2010-04-09,15.018,11.478,19.611
2010-04-10,15.374,11.451,20.872
2010-04-11,14.941,11.813,18.421
2010-04-12,15.205,12.418,19.905
2010-04-13,14.961,12.38,19.615
2010-04-14,14.815,12.551,18.099
2010-04-15,15.163,12.346,19.007
2010-04-16,15.045,11.666,21.119
2010-04-17,15.076,10.359,20.845
2010-04-18,15.538,11.609,21.417
2010-04-19,15.315,12.35,19.796
2010-04-20,14.763,9.615,21.129
2010-04-21,15.698,11.288,21.704
2010-04-22,16.434,9.982,23.943
2010-04-23,16.526,10.777,22.61
2010-04-24,16.471,13.473,20.52
2010-04-25,15.936,11.08,21.407
2010-04-26,15.387,12.586,19.158
2010-04-27,15.553,12.16,20.753
2010-04-28,15.224,12.035,19.204
2010-04-29,15.517,11.188,21.646
2010-04-30,15.632,11.343,20.941
2010-05-01,15.795,10.71,22.117
2010-05-02,15.584,11.57,20.827
2010-05-03,14.444,11.52,18.48
2010-05-04,14.726,12.619,18.586
2010-05-05,15.008,11.475,19.501
2010-05-06,15.07,10.678,20.839
2010-05-07,15.365,9.29,21.25
2010-05-08,16.063,10.9,22.087
2010-05-09,15.498,12.467,19.448
2010-05-10,15.401,11.606,19.96
2010-05-11,15.277,11.463,20.185
2010-05-12,14.731,10.954,19.973
2010-05-13,14.818,11.058,19.098
2010-05-14,15.719,12.198,20.757
2010-05-15,15.982,12.484,19.941
2010-05-16,16.075,11.214,21.833
2010-05-17,15.604,10.921,20.234
2010-05-18,15.592,10.56,20.01
2010-05-19,16.004,11.666,21.388
2010-05-20,15.488,12.351,21.224
2010-05-21,15.247,11.916,18.517
2010-05-22,15.764,13.064,20.531
2010-05-23,15.426,11.85,21.14
2010-05-24,15.551,10.672,21.969
2010-05-25,15.467,13.076,18.946
2010-05-26,15.382,12.906,18.796
2010-05-27,14.533,12.634,17.008
2010-05-28,14.041,10.426,19.167
2010-05-29,15.017,10.093,21.13
2010-05-30,15.375,11.257,20.659
2010-05-31,15.203,13.21,18.948
2010-06-01,14.72,11.393,19.274
2010-06-02,14.6,9.7,19.913
2010-06-03,15.218,9.092,21.178
2010-06-04,14.425,9.34,18.548
2010-06-05,15.0,9.702,20.385
2010-06-06,14.928,10.228,21.064
2010-06-07,14.494,9.691,20.088
2010-06-08,14.553,9.702,19.893
2010-06-09,14.16,9.807,20.062
2010-06-10,14.264,10.133,19.654
2010-06-11,14.224,9.139,20.118
2010-06-12,14.501,9.572,20.118
2010-06-13,14.232,10.762,18.792
2010-06-14,14.393,10.59,19.311
2010-06-15,14.425,10.601,19.361
2010-06-16,14.527,11.113,18.358
2010-06-17,14.627,10.285,20.065
2010-06-18,15.153,10.592,20.267
2010-06-19,14.442,8.894,20.725
2010-06-20,13.677,11.995,16.035
2010-06-21,14.097,10.408,19.299
2010-06-22,14.696,12.103,18.671
2010-06-23,14.461,9.601,20.432
2010-06-24,14.921,11.347,20.673
2010-06-25,14.864,11.104,20.189
2010-06-26,14.842,10.004,20.063
2010-06-27,14.478,11.053,19.654
2010-06-28,14.301,9.715,19.419
2010-06-29,14.35,10.984,18.888
2010-06-30,14.159,9.353,18.926
2010-07-01,14.034,9.357,19.657
2010-07-02,13.89,10.328,18.801
2010-07-03,13.666,9.105,18.378
2010-07-04,14.142,11.152,18.073
2010-07-05,14.393,11.851,18.322
2010-07-06,13.857,11.251,17.477
2010-07-07,14.233,11.003,18.906
2010-07-08,13.842,10.718,17.58
2010-07-09,14.796,11.417,20.046
2010-07-10,14.446,9.671,20.091
2010-07-11,14.301,11.573,18.147
2010-07-12,13.677,10.227,18.129
2010-07-13,14.159,10.084,18.935
2010-07-14,14.26,10.86,18.821
2010-07-15,13.944,11.2,17.066
2010-07-16,13.377,11.254,15.774
2010-07-17,13.893,11.486,18.315
2010-07-18,13.93,10.576,18.513
2010-07-19,13.984,8.798,19.495
2010-07-20,14.34,8.969,20.412
2010-07-21,14.307,9.438,19.946
2010-07-22,14.3,9.484,20.407
2010-07-23,14.788,10.245,20.534
2010-07-24,14.799,9.183,21.182
2010-07-25,14.945,10.095,20.206
2010-07-26,14.693,10.821,19.553
2010-07-27,14.224,10.521,18.9
2010-07-28,14.6,11.306,19.675
2010-07-29,14.064,10.072,18.771
2010-07-30,14.638,10.592,19.986
2010-07-31,14.417,12.143,17.997
2010-08-01,13.85,9.46,19.723
2010-08-02,14.497,10.346,19.898
2010-08-03,14.71,11.38,18.647
2010-08-04,14.81,11.201,19.698
2010-08-05,14.304,9.094,21.807
2010-08-06,14.744,10.534,20.177
2010-08-07,14.777,11.616,18.877
2010-08-08,14.327,9.917,19.901
2010-08-09,14.375,10.749,20.329
2010-08-10,14.421,9.803,20.129
2010-08-11,14.555,8.983,19.738
2010-08-12,14.423,9.554,19.996
2010-08-13,14.345,9.623,19.27
2010-08-14,13.687,10.496,19.165
2010-08-15,14.045,9.081,20.026
2010-08-16,13.852,8.281,19.613
2010-08-17,14.026,8.341,20.516
2010-08-18,14.13,9.941,19.703
2010-08-19,14.149,11.353,19.452
2010-08-20,13.702,9.629,18.704
2010-08-21,13.981,8.791,20.148
2010-08-22,14.028,9.492,20.359
2010-08-23,14.138,9.271,20.579
2010-08-24,14.655,9.801,20.625
2010-08-25,14.653,9.582,20.934
2010-08-26,14.928,12.119,18.593
2010-08-27,14.118,10.862,19.135
2010-08-28,14.169,10.344,18.644
2010-08-29,15.109,11.294,21.014
2010-08-30,14.299,8.092,20.707
2010-08-31,14.699,9.8,19.806
2010-09-01,14.253,10.467,18.825
2010-09-02,14.097,10.313,19.808
2010-09-03,14.515,10.155,19.675
2010-09-04,14.625,10.273,20.529
2010-09-05,14.011,10.759,18.36
2010-09-06,14.214,9.818,19.894
2010-09-07,13.69,9.825,17.852
2010-09-08,13.763,9.504,19.953
2010-09-09,14.372,9.838,19.932
2010-09-10,14.652,8.756,21.113
2010-09-11,14.425,9.773,20.398
2010-09-12,14.964,11.846,19.529
2010-09-13,15.024,11.963,20.116
2010-09-14,14.647,10.147,21.109
2010-09-15,14.58,8.586,20.579
2010-09-16,14.634,9.829,20.143
2010-09-17,14.607,10.0,19.623
2010-09-18,14.392,10.024,19.732
2010-09-19,14.037,9.534,18.36
2010-09-20,13.838,11.595,17.297
2010-09-21,14.026,11.937,18.314
2010-09-22,14.169,11.296,18.597
2010-09-23,14.201,9.701,20.223
2010-09-24,14.39,11.301,19.12
2010-09-25,14.292,10.83,19.241
2010-09-26,14.096,10.775,19.777
2010-09-27,13.889,10.197,19.156
2010-09-28,14.126,10.928,19.779
2010-09-29,14.697,9.622,20.63
2010-09-30,14.725,9.961,20.921
2010-10-01,14.35,10.193,19.941
2010-10-02,14.319,10.784,20.288
2010-10-03,14.686,10.071,20.329
2010-10-04,14.33,11.713,18.464
2010-10-05,14.215,11.63,18.002
2010-10-06,14.307,9.787,20.033
2010-10-07,14.904,10.906,21.393
2010-10-08,15.272,11.891,20.179
2010-10-09,15.227,10.117,21.031
2010-10-10,14.773,8.884,21.544
2010-10-11,14.915,8.203,21.42
2010-10-12,14.221,7.949,21.027
2010-10-13,15.043,9.243,22.017
2010-10-14,14.971,9.555,20.822
2010-10-15,14.482,9.785,18.926
2010-10-16,14.211,11.373,18.807
2010-10-17,13.724,10.331,18.646
2010-10-18,13.578,10.698,17.653
2010-10-19,13.227,9.107,19.09
2010-10-20,13.789,11.402,18.646
2010-10-21,13.696,10.759,18.624
2010-10-22,14.283,10.093,20.277
2010-10-23,14.254,11.207,18.955
2010-10-24,13.814,11.083,18.348
2010-10-25,14.249,11.919,17.975
2010-10-26,14.113,10.047,19.519
2010-10-27,14.239,11.083,19.175
2010-10-28,13.803,10.072,18.541
2010-10-29,14.202,10.352,20.371
2010-10-30,14.011,11.702,18.511
2010-10-31,14.148,10.623,19.957
2010-11-01,14.768,11.443,19.323
2010-11-02,14.24,10.217,18.982
2010-11-03,14.361,10.514,19.872
2010-11-04,14.552,10.663,20.011
2010-11-05,14.908,11.708,19.603
2010-11-06,14.337,12.17,17.683
2010-11-07,13.531,11.848,16.376
2010-11-08,13.278,11.991,16.003
2010-11-09,13.557,10.817,17.055
2010-11-10,13.99,11.853,17.349
2010-11-11,13.734,9.325,19.282
2010-11-12,13.952,9.667,18.846
2010-11-13,14.067,11.914,17.884
2010-11-14,13.428,10.02,17.242
2010-11-15,13.142,10.127,17.563
2010-11-16,13.288,10.538,18.006
2010-11-17,13.557,11.701,17.385
2010-11-18,13.088,10.105,17.605
2010-11-19,12.944,9.482,17.963
2010-11-20,13.393,8.908,18.742
2010-11-21,13.524,9.536,19.024
2010-11-22,13.918,10.26,18.847
2010-11-23,13.681,10.645,18.506
2010-11-24,13.884,10.427,18.946
2010-11-25,13.779,11.764,17.996
2010-11-26,14.029,11.09,18.934
2010-11-27,14.125,11.765,18.711
2010-11-28,13.916,10.214,19.06
2010-11-29,14.445,10.509,19.788
2010-11-30,14.344,10.834,19.162
2010-12-01,14.005,10.458,17.782
2010-12-02,13.955,10.729,18.581
2010-12-03,13.378,11.582,15.664
2010-12-04,12.806,10.59,15.549
2010-12-05,13.349,9.216,18.583
2010-12-06,13.489,8.498,19.003
2010-12-07,13.733,8.51,20.287
2010-12-08,14.293,11.422,18.87
2010-12-09,14.03,10.791,18.852
2010-12-10,14.058,11.182,19.227
2010-12-11,14.258,10.906,19.008
2010-12-12,14.647,11.737,19.363
2010-12-13,13.825,10.44,18.932
2010-12-14,13.665,11.484,17.546
2010-12-15,13.41,12.238,15.925
2010-12-16,13.427,9.77,18.746
2010-12-17,13.314,9.286,18.286
2010-12-18,13.704,10.915,18.209
2010-12-19,12.256,8.627,16.785
2010-12-20,13.368,11.016,18.15
2010-12-21,13.704,11.618,18.162
2010-12-22,13.468,9.985,18.014
2010-12-23,13.335,10.173,17.566
2010-12-24,13.305,9.558,18.681
2010-12-25,13.824,9.396,19.158
2010-12-26,13.814,10.179,19.051
2010-12-27,14.039,10.592,18.742
2010-12-28,13.72,8.052,19.743
2010-12-29,14.96,11.54,19.34
2010-12-30,14.441,9.928,19.666
2010-12-31,14.497,10.338,19.791
2011-01-01,13.893,9.389,19.596
2011-01-02,13.84,9.776,18.445
2011-01-03,13.857,10.374,19.139
2011-01-04,13.512,9.821,18.598
2011-01-05,13.659,11.186,17.209
2011-01-06,13.61,9.417,19.043
2011-01-07,13.89,11.301,18.234
2011-01-08,13.718,10.744,18.506
2011-01-09,13.204,8.983,18.031
2011-01-10,13.489,8.069,18.83
2011-01-11,13.963,9.521,19.182
2011-01-12,15.278,11.519,20.819
2011-01-13,15.292,11.203,20.869
2011-01-14,14.896,10.737,20.195
2011-01-15,14.246,8.635,20.213
2011-01-16,14.646,10.75,19.585
2011-01-17,14.199,9.474,20.429
2011-01-18,14.913,10.428,19.956
2011-01-19,14.279,8.187,20.403
2011-01-20,14.516,9.531,19.896
2011-01-21,14.008,9.92,18.997
2011-01-22,14.111,8.837,20.512
2011-01-23,14.369,9.818,20.478
2011-01-24,14.703,10.742,20.007
2011-01-25,14.825,10.869,19.694
2011-01-26,15.186,12.113,20.144
2011-01-27,14.31,11.084,19.289
2011-01-28,14.525,9.741,19.956
2011-01-29,14.451,10.431,19.621
2011-01-30,14.692,10.107,21.095
2011-01-31,15.033,9.785,20.313
2011-02-01,15.635,10.566,21.852
2011-02-02,15.651,9.336,22.653
2011-02-03,16.081,9.658,22.827
2011-02-04,15.261,9.544,21.447
2011-02-05,14.861,10.178,19.923
2011-02-06,15.139,11.47,20.582
2011-02-07,14.43,11.906,19.063
2011-02-08,13.404,10.486,17.785
2011-02-09,13.595,11.236,17.655
2011-02-10,14.07,10.379,18.915
2011-02-11,14.538,11.458,19.403
2011-02-12,14.182,9.652,19.86
2011-02-13,14.345,10.792,19.615
2011-02-14,13.938,9.921,19.347
2011-02-15,14.442,10.647,19.396
2011-02-16,13.91,10.041,19.334
2011-02-17,13.673,10.297,18.597
2011-02-18,13.785,10.612,17.97
2011-02-19,13.798,9.63,19.206
2011-02-20,13.886,9.462,19.347
2011-02-21,14.581,9.775,20.702
2011-02-22,14.727,10.208,20.537
2011-02-23,14.302,10.621,19.176
2011-02-24,13.225,10.677,17.424
2011-02-25,13.561,9.713,18.829
2011-02-26,14.315,10.947,20.186
2011-02-27,14.011,10.708,18.727
2011-02-28,13.689,9.184,19.98
2011-03-01,14.132,11.572,18.638
2011-03-02,12.92,10.237,16.955
2011-03-03,12.691,9.776,17.412
2011-03-04,13.519,9.481,19.112
2011-03-05,13.218,9.401,17.777
2011-03-06,13.78,10.32,18.443
2011-03-07,13.467,10.129,18.009
2011-03-08,13.881,10.369,20.367
2011-03-09,13.471,10.257,19.06
2011-03-10,12.443,11.008,14.377
2011-03-11,12.794,8.139,17.589
2011-03-12,13.345,8.542,18.53
2011-03-13,13.997,10.016,18.626
2011-03-14,13.894,9.738,19.533
2011-03-15,13.926,11.19,18.23
2011-03-16,14.013,11.17,19.089
2011-03-17,14.179,10.24,19.65
2011-03-18,13.866,10.659,18.153
2011-03-19,13.87,10.314,18.881
2011-03-20,13.731,9.709,19.275
2011-03-21,14.035,10.737,18.653
2011-03-22,14.02,11.651,19.155
2011-03-23,14.399,11.735,18.898
2011-03-24,14.104,8.862,20.433
2011-03-25,14.104,9.662,19.925
2011-03-26,13.986,9.537,18.473
2011-03-27,14.23,9.722,20.403
2011-03-28,15.024,10.754,20.713
2011-03-29,14.802,10.215,20.303
2011-03-30,14.658,9.7,20.716
2011-03-31,14.743,9.238,20.814
2011-04-01,15.375,10.493,21.514
2011-04-02,15.795,10.722,21.629
2011-04-03,15.282,11.429,20.51
2011-04-04,14.625,9.5,21.091
2011-04-05,15.039,11.419,20.963
2011-04-06,14.649,11.11,20.821
2011-04-07,14.631,10.322,20.466
2011-04-08,14.649,10.524,20.29
2011-04-09,14.431,9.628,19.985
2011-04-10,13.827,12.365,16.801
2011-04-11,13.662,10.701,18.893
2011-04-12,13.751,11.507,17.746
2011-04-13,13.423,10.66,17.768
2011-04-14,14.398,11.226,19.017
2011-04-15,14.599,12.144,19.336
2011-04-16,13.917,11.145,18.159
2011-04-17,13.405,10.679,18.017
2011-04-18,14.477,12.185,18.211
2011-04-19,13.825,11.642,17.374
2011-04-20,13.459,11.493,17.1
2011-04-21,13.771,10.576,18.407
2011-04-22,13.782,11.73,17.086
2011-04-23,13.85,11.847,17.141
2011-04-24,14.106,10.509,18.816
2011-04-25,14.738,12.775,18.013
2011-04-26,14.686,9.287,20.923
2011-04-27,14.844,10.658,19.884
2011-04-28,14.153,11.992,18.335
2011-04-29,14.639,10.713,20.263
2011-04-30,14.411,10.327,19.72
2011-05-01,14.592,11.127,19.798
2011-05-02,14.677,10.382,20.051
2011-05-03,14.455,9.988,21.359
2011-05-04,15.036,10.869,20.035
2011-05-05,15.198,11.375,20.752
2011-05-06,15.221,10.185,20.661
2011-05-07,15.282,10.825,20.756
2011-05-08,14.68,10.092,21.005
2011-05-09,14.618,9.85,21.01
2011-05-10,15.552,12.008,21.311
2011-05-11,14.861,10.753,19.352
2011-05-12,15.223,11.112,19.013
2011-05-13,14.139,10.841,18.125
2011-05-14,14.026,11.782,18.509
2011-05-15,14.391,11.53,19.805
2011-05-16,13.828,11.653,17.176
2011-05-17,14.248,11.48,19.003
2011-05-18,13.319,10.68,17.419
2011-05-19,13.041,10.998,16.107
2011-05-20,13.098,11.094,15.945
2011-05-21,13.701,10.019,19.016
2011-05-22,14.111,9.924,18.987
2011-05-23,14.456,11.208,18.89
2011-05-24,14.579,10.297,19.309
2011-05-25,14.545,11.425,19.106
2011-05-26,14.575,9.366,20.829
2011-05-27,14.287,9.173,19.573
2011-05-28,14.116,10.245,19.26
2011-05-29,13.758,8.986,18.723
2011-05-30,14.494,9.709,20.133
2011-05-31,14.859,11.162,19.707
2011-06-01,14.988,10.875,19.416
2011-06-02,14.458,12.55,17.771
2011-06-03,13.976,11.756,16.822
2011-06-04,13.926,10.84,19.188
2011-06-05,14.064,9.239,19.626
2011-06-06,13.997,9.078,20.251
2011-06-07,14.681,10.319,20.113
2011-06-08,14.371,10.596,19.258
2011-06-09,15.013,9.682,20.975
2011-06-10,15.327,9.89,21.512
2011-06-11,15.116,9.805,21.999
2011-06-12,15.053,9.279,22.057
2011-06-13,15.023,9.625,21.284
2011-06-14,15.401,11.604,21.439
2011-06-15,14.554,9.328,20.865
2011-06-16,14.464,10.4,19.407
2011-06-17,14.551,10.182,19.262
2011-06-18,14.492,9.737,19.359
2011-06-19,14.225,10.028,19.249
2011-06-20,14.266,9.85,19.465
2011-06-21,14.372,9.139,21.041
2011-06-22,14.728,10.099,20.023
2011-06-23,14.509,10.192,19.398
2011-06-24,14.059,9.694,18.833
2011-06-25,14.314,11.099,19.637
2011-06-26,14.444,10.318,19.734
2011-06-27,13.812,10.367,18.21
2011-06-28,14.537,8.939,21.599
2011-06-29,14.867,10.339,20.865
2011-06-30,14.021,9.683,20.248
2011-07-01,14.418,11.718,18.742
2011-07-02,14.405,9.444,19.995
2011-07-03,14.229,9.02,19.939
2011-07-04,14.634,9.769,20.425
2011-07-05,14.124,9.338,19.521
2011-07-06,14.59,11.555,19.218
2011-07-07,13.856,8.701,19.451
2011-07-08,14.624,8.619,22.372
2011-07-09,15.126,10.331,21.522
2011-07-10,15.1,10.227,21.434
2011-07-11,14.132,10.142,18.433
2011-07-12,13.842,9.471,19.416
2011-07-13,13.911,9.952,18.959
2011-07-14,13.39,10.165,17.675
2011-07-15,13.621,10.278,19.062
2011-07-16,13.749,9.685,19.333
2011-07-17,14.347,7.92,20.626
2011-07-18,14.471,9.471,19.595
2011-07-19,14.333,8.542,20.709
2011-07-20,14.199,8.889,20.899
2011-07-21,14.81,8.398,20.746
2011-07-22,14.327,9.424,20.207
2011-07-23,14.443,9.844,20.274
2011-07-24,14.34,9.158,20.051
2011-07-25,14.698,9.15,20.369
2011-07-26,14.543,8.945,20.117
2011-07-27,14.353,9.677,19.824
2011-07-28,14.25,9.197,19.939
2011-07-29,13.584,10.902,17.819
2011-07-30,13.172,11.75,15.896
2011-07-31,13.508,9.716,18.704
2011-08-01,14.395,9.779,20.82
2011-08-02,14.447,9.29,21.403
2011-08-03,14.872,10.552,21.326
2011-08-04,14.806,9.489,21.728
2011-08-05,15.079,9.189,21.926
2011-08-06,14.527,8.497,21.647
2011-08-07,15.058,8.602,21.893
2011-08-08,14.359,7.909,21.845
2011-08-09,14.699,9.276,20.815
2011-08-10,14.406,8.373,20.401
2011-08-11,13.889,8.058,20.404
2011-08-12,13.953,9.216,18.726
2011-08-13,14.036,9.475,19.356
2011-08-14,14.288,8.718,19.778
2011-08-15,13.828,9.04,19.374
2011-08-16,13.797,8.793,20.348
2011-08-17,14.552,10.807,20.48
2011-08-18,14.466,9.454,20.828
2011-08-19,14.345,10.417,18.159
2011-08-20,14.106,10.448,19.248
2011-08-21,13.984,8.731,20.161
2011-08-22,14.409,8.885,20.369
2011-08-23,14.211,9.418,19.911
2011-08-24,14.331,12.003,18.451
2011-08-25,13.944,9.583,18.367
2011-08-26,13.999,9.098,20.388
2011-08-27,14.303,7.98,20.672
2011-08-28,14.71,9.708,20.291
2011-08-29,14.483,9.558,20.732
2011-08-30,15.541,9.485,22.275
2011-08-31,15.12,8.922,22.904
2011-09-01,14.563,7.625,22.101
2011-09-02,13.861,8.415,20.046
2011-09-03,13.522,8.98,18.997
2011-09-04,13.796,8.733,20.187
2011-09-05,14.093,7.208,21.666
2011-09-06,15.059,9.209,21.525
2011-09-07,14.672,8.995,21.351
2011-09-08,14.148,8.49,19.743
2011-09-09,13.925,11.227,17.231
2011-09-10,14.807,9.693,21.176
2011-09-11,14.239,9.448,20.289
2011-09-12,14.358,9.474,21.161
2011-09-13,14.426,8.66,20.72
2011-09-14,14.752,9.012,21.424
2011-09-15,14.519,9.196,20.395
2011-09-16,14.098,8.812,20.093
2011-09-17,14.538,11.133,19.357
2011-09-18,14.05,10.746,17.958
2011-09-19,14.138,10.557,19.623
2011-09-20,13.867,10.363,18.589
2011-09-21,14.108,9.632,20.335
2011-09-22,14.094,8.792,19.958
2011-09-23,15.221,11.167,21.194
2011-09-24,15.135,10.379,21.346
2011-09-25,14.301,9.578,19.697
2011-09-26,14.166,9.324,20.063
2011-09-27,14.516,8.587,21.507
2011-09-28,15.841,10.237,21.822
2011-09-29,15.244,10.304,20.537
2011-09-30,15.17,10.142,20.634
2011-10-01,14.705,10.662,19.878
2011-10-02,14.596,11.036,19.929
2011-10-03,14.301,9.673,19.509
2011-10-04,14.256,11.375,19.003
2011-10-05,13.986,10.728,18.875
2011-10-06,14.21,10.538,20.007
2011-10-07,14.873,11.591,20.295
2011-10-08,14.129,10.241,18.533
2011-10-09,14.611,11.356,19.901
2011-10-10,14.285,10.294,18.932
2011-10-11,14.118,10.59,19.358
2011-10-12,13.42,10.667,16.318
2011-10-13,13.913,11.237,18.297
2011-10-14,14.804,11.046,20.228
2011-10-15,13.731,10.304,18.018
2011-10-16,13.406,11.317,17.635
2011-10-17,13.556,10.809,18.017
2011-10-18,12.998,10.193,17.188
2011-10-19,13.114,11.078,17.212
2011-10-20,12.382,10.911,14.857
2011-10-21,12.439,10.952,15.566
2011-10-22,13.366,8.49,18.903
2011-10-23,13.708,10.194,18.104
2011-10-24,14.043,11.095,18.538
2011-10-25,13.619,10.162,18.35
2011-10-26,14.28,10.734,19.655
2011-10-27,14.517,9.486,20.404
2011-10-28,13.759,10.3,18.213
2011-10-29,13.831,11.29,17.895
2011-10-30,13.39,11.589,16.026
2011-10-31,13.478,8.681,19.26
2011-11-01,14.467,9.805,20.322
2011-11-02,14.638,9.754,21.153
2011-11-03,14.257,9.368,20.385
2011-11-04,14.086,10.167,19.471
2011-11-05,14.118,9.873,20.618
2011-11-06,14.222,9.452,19.881
2011-11-07,14.174,9.312,19.518
2011-11-08,14.304,10.037,18.607
2011-11-09,13.98,11.463,17.839
2011-11-10,14.082,10.726,19.173
2011-11-11,14.114,10.603,18.59
2011-11-12,13.73,11.944,17.836
2011-11-13,13.17,11.047,16.584
2011-11-14,13.255,9.25,17.858
2011-11-15,14.246,10.349,19.563
2011-11-16,13.81,10.427,18.783
2011-11-17,13.735,11.736,16.196
2011-11-18,12.833,10.985,15.963
2011-11-19,13.07,10.581,17.363
2011-11-20,13.076,10.964,17.381
2011-11-21,13.045,11.613,15.405
2011-11-22,13.683,10.281,18.634
2011-11-23,13.944,10.74,19.42
2011-11-24,13.697,9.767,18.876
2011-11-25,13.916,10.657,17.785
2011-11-26,14.149,10.675,19.528
2011-11-27,14.566,10.379,19.91
2011-11-28,14.391,11.322,19.116
2011-11-29,13.847,11.831,18.2
2011-11-30,14.187,10.235,18.994
2011-12-01,14.367,12.19,18.364
2011-12-02,14.247,11.088,19.26
2011-12-03,13.878,10.724,18.583
2011-12-04,14.269,11.029,18.838
2011-12-05,14.303,12.119,18.368
2011-12-06,13.398,10.697,18.191
2011-12-07,13.085,11.502,15.635
2011-12-08,13.289,9.936,17.903
2011-12-09,13.638,9.094,19.745
2011-12-10,14.106,9.099,20.026
2011-12-11,14.098,10.156,18.97
2011-12-12,13.938,11.403,17.928
2011-12-13,13.577,10.811,17.603
2011-12-14,13.852,9.962,19.269
2011-12-15,14.21,11.14,19.002
2011-12-16,14.175,10.461,18.744
2011-12-17,14.108,11.254,18.646
2011-12-18,13.807,10.275,18.663
2011-12-19,13.998,10.384,19.088
2011-12-20,13.924,9.119,19.846
2011-12-21,15.258,10.902,20.457
2011-12-22,14.969,9.562,20.996
2011-12-23,14.78,10.941,19.334
2011-12-24,14.437,9.703,19.421
2011-12-25,14.611,8.588,20.225
2011-12-26,15.083,11.045,19.851
2011-12-27,14.613,10.294,19.848
2011-12-28,14.504,11.103,19.033
2011-12-29,14.358,10.796,19.97
2011-12-30,14.38,10.639,19.575
2011-12-31,15.073,10.537,20.317
2012-01-01,15.717,12.524,20.789
2012-01-02,15.15,11.575,19.519
2012-01-03,14.235,12.106,18.364
2012-01-04,13.73,10.862,18.477
2012-01-05,14.111,11.71,18.589
2012-01-06,14.073,10.826,19.108
2012-01-07,14.039,10.348,19.035
2012-01-08,14.195,9.858,19.75
2012-01-09,14.619,10.153,19.775
2012-01-10,14.927,10.725,19.874
2012-01-11,14.482,10.528,19.643
2012-01-12,14.887,10.344,20.423
2012-01-13,15.019,9.801,21.047
2012-01-14,13.939,8.841,19.673
2012-01-15,13.58,8.507,19.924
2012-01-16,13.844,8.807,19.595
2012-01-17,13.918,9.489,18.616
2012-01-18,13.34,9.87,18.222
2012-01-19,13.891,11.029,18.823
2012-01-20,13.882,10.064,18.857
2012-01-21,14.391,11.802,18.514
2012-01-22,14.202,11.249,18.646
2012-01-23,13.79,10.227,18.695
2012-01-24,13.962,10.9,18.427
2012-01-25,13.431,9.963,18.049
2012-01-26,13.698,10.676,18.849
2012-01-27,14.117,11.194,18.378
2012-01-28,14.128,10.777,18.748
2012-01-29,14.723,11.25,20.205
2012-01-30,14.092,10.193,20.137
2012-01-31,14.246,10.691,20.078
2012-02-01,14.182,10.495,19.354
2012-02-02,13.965,9.237,20.069
2012-02-03,14.908,10.54,20.585
2012-02-04,15.527,11.338,21.221
2012-02-05,14.47,9.809,19.639
2012-02-06,14.129,11.106,18.349
2012-02-07,13.691,8.195,19.656
2012-02-08,14.529,10.817,20.57
2012-02-09,13.988,9.478,20.032
2012-02-10,14.572,10.146,20.336
2012-02-11,14.269,9.658,20.147
2012-02-12,14.34,10.684,19.39
2012-02-13,14.156,11.247,18.504
2012-02-14,14.439,11.187,19.385
2012-02-15,14.242,10.449,19.32
2012-02-16,13.664,9.776,18.29
2012-02-17,13.617,10.339,18.066
2012-02-18,13.642,10.18,18.395
2012-02-19,13.736,9.573,19.558
2012-02-20,13.848,8.928,19.349
2012-02-21,14.827,10.471,20.436
2012-02-22,14.669,10.768,20.549
2012-02-23,14.204,8.52,20.494
2012-02-24,14.668,9.523,20.814
2012-02-25,14.887,11.611,19.536
2012-02-26,13.99,8.918,19.931
2012-02-27,14.547,9.339,21.031
2012-02-28,14.714,9.672,21.114
2012-02-29,13.599,9.292,18.8
2012-03-01,14.128,10.699,19.853
2012-03-02,14.499,9.156,21.331
2012-03-03,14.327,9.917,19.592
2012-03-04,14.294,9.634,20.249
2012-03-05,14.194,8.405,20.746
2012-03-06,14.609,10.914,19.856
2012-03-07,14.322,8.954,20.517
2012-03-08,14.749,10.459,20.806
2012-03-09,14.559,10.307,20.703
2012-03-10,13.804,11.909,17.438
2012-03-11,14.17,10.401,20.279
2012-03-12,14.2,9.267,21.505
2012-03-13,14.363,10.275,20.047
2012-03-14,14.66,10.27,21.343
2012-03-15,14.616,9.155,21.783
2012-03-16,14.751,9.741,20.605
2012-03-17,13.958,10.791,18.272
2012-03-18,14.04,9.786,19.171
2012-03-19,13.853,10.404,18.988
2012-03-20,13.941,11.244,18.747
2012-03-21,13.985,10.218,19.196
2012-03-22,13.901,11.28,17.811
2012-03-23,14.699,11.659,19.721
2012-03-24,13.949,9.808,19.169
2012-03-25,14.029,10.661,19.457
2012-03-26,13.825,10.768,19.439
2012-03-27,14.351,9.969,19.617
2012-03-28,14.282,10.588,19.607
2012-03-29,14.96,10.091,20.964
2012-03-30,14.675,10.025,21.119
2012-03-31,15.206,11.474,20.325
2012-04-01,14.817,9.594,21.444
2012-04-02,14.344,9.865,19.81
2012-04-03,14.425,10.325,20.571
2012-04-04,14.446,10.02,19.369
2012-04-05,14.567,11.811,19.795
2012-04-06,14.429,11.56,18.343
2012-04-07,13.88,11.461,19.048
2012-04-08,13.928,11.533,17.111
2012-04-09,13.188,11.775,15.829
2012-04-10,13.29,9.088,18.912
2012-04-11,14.257,11.286,18.306
2012-04-12,13.463,11.864,15.946
2012-04-13,13.873,10.264,19.095
2012-04-14,14.233,11.008,18.745
2012-04-15,14.164,10.428,19.303
2012-04-16,14.278,10.523,19.097
2012-04-17,13.92,11.055,17.938
2012-04-18,14.133,11.853,18.243
2012-04-19,14.291,11.069,19.392
2012-04-20,14.422,10.852,19.762
2012-04-21,14.102,10.801,18.308
2012-04-22,14.263,11.486,18.436
2012-04-23,14.312,9.44,19.285
2012-04-24,13.95,10.007,18.082
2012-04-25,14.655,9.364,20.101
2012-04-26,15.151,9.884,20.857
2012-04-27,14.134,8.821,19.72
2012-04-28,14.16,10.191,19.258
2012-04-29,14.375,10.548,19.289
2012-04-30,14.89,10.518,20.631
2012-05-01,14.222,10.483,18.888
2012-05-02,13.989,9.942,19.032
2012-05-03,14.2,9.321,18.833
2012-05-04,14.069,9.517,19.411
2012-05-05,14.082,9.793,19.307
2012-05-06,14.187,9.735,19.518
2012-05-07,14.064,11.869,17.57
2012-05-08,14.163,10.458,19.571
2012-05-09,14.079,9.577,19.475
2012-05-10,14.22,9.643,19.161
2012-05-11,14.356,10.557,19.58
2012-05-12,14.285,11.327,18.308
2012-05-13,14.084,10.414,18.473
2012-05-14,14.302,10.138,19.922
2012-05-15,15.004,10.395,21.258
2012-05-16,14.826,10.16,20.464
2012-05-17,14.675,9.849,20.326
2012-05-18,14.673,10.276,20.827
2012-05-19,14.434,10.906,19.302
2012-05-20,14.159,9.981,19.523
2012-05-21,14.737,10.55,19.945
2012-05-22,14.057,9.267,19.912
2012-05-23,14.22,9.66,19.672
2012-05-24,14.762,9.988,20.279
2012-05-25,14.55,9.264,19.554
2012-05-26,14.362,9.623,20.394
2012-05-27,15.133,8.982,22.463
2012-05-28,14.785,9.198,21.129
2012-05-29,14.681,9.434,20.817
2012-05-30,14.303,9.521,20.143
2012-05-31,14.72,10.107,20.075
2012-06-01,14.435,9.568,19.997
2012-06-02,14.387,8.926,20.743
2012-06-03,14.601,10.316,19.839
2012-06-04,14.887,9.397,21.619
2012-06-05,14.811,8.696,22.107
2012-06-06,14.987,8.599,21.809
2012-06-07,15.175,9.167,20.899
2012-06-08,14.78,10.218,19.514
2012-06-09,14.779,9.445,20.11
2012-06-10,14.648,9.88,19.856
2012-06-11,14.717,10.855,19.96
2012-06-12,13.981,9.815,18.9
2012-06-13,13.71,8.81,19.825
2012-06-14,13.532,8.532,19.673
2012-06-15,14.166,8.973,20.744
2012-06-16,13.837,10.114,18.748
2012-06-17,13.922,9.325,19.838
2012-06-18,14.356,9.051,20.586
2012-06-19,15.216,8.797,22.608
2012-06-20,15.163,9.83,20.598
2012-06-21,14.278,8.985,19.061
2012-06-22,14.178,7.282,21.553
2012-06-23,14.086,8.376,20.616
2012-06-24,14.19,8.767,18.83
2012-06-25,13.651,7.613,18.88
2012-06-26,13.639,8.585,19.407
2012-06-27,13.046,7.973,18.721
2012-06-28,14.435,9.016,20.695
2012-06-29,14.065,8.733,20.141
2012-06-30,13.564,8.436,19.027
2012-07-01,13.817,8.888,19.421
2012-07-02,14.424,8.783,20.026
2012-07-03,14.2,8.659,20.491
2012-07-04,13.57,8.772,19.03
2012-07-05,14.009,9.051,18.437
2012-07-06,14.12,9.4,19.247
2012-07-07,14.074,8.994,19.735
2012-07-08,14.88,8.931,21.476
2012-07-09,14.816,9.031,21.354
2012-07-10,14.793,9.658,21.046
2012-07-11,14.39,10.478,19.716
2012-07-12,14.173,10.627,18.846
2012-07-13,14.0,9.93,18.417
2012-07-14,14.38,9.811,20.828
2012-07-15,14.569,9.914,21.381
2012-07-16,14.301,8.575,19.604
2012-07-17,15.269,10.146,20.447
2012-07-18,14.294,9.32,19.836
2012-07-19,14.193,9.004,19.92
2012-07-20,14.108,10.149,19.956
2012-07-21,13.649,8.311,19.073
2012-07-22,14.435,9.228,20.817
2012-07-23,13.977,8.284,21.146
2012-07-24,14.305,10.061,20.029
2012-07-25,14.157,7.322,21.786
2012-07-26,14.654,9.362,20.966
2012-07-27,14.923,10.671,20.83
2012-07-28,14.849,11.71,19.168
2012-07-29,14.595,10.515,19.15
2012-07-30,14.499,9.712,20.259
2012-07-31,14.411,11.335,18.441
2012-08-01,14.548,9.637,20.466
2012-08-02,14.54,10.406,20.522
2012-08-03,14.486,10.098,20.168
2012-08-04,14.472,10.129,20.232
2012-08-05,14.346,9.881,19.485
2012-08-06,14.182,10.119,18.142
2012-08-07,14.638,10.897,19.904
2012-08-08,14.462,10.332,19.742
2012-08-09,14.058,8.9,19.955
2012-08-10,13.487,7.346,20.537
2012-08-11,14.597,10.726,19.645
2012-08-12,14.558,10.611,20.165
2012-08-13,14.262,10.129,19.49
2012-08-14,13.957,11.535,17.88
2012-08-15,14.105,10.164,19.289
2012-08-16,14.49,9.566,20.626
2012-08-17,14.86,11.392,20.426
2012-08-18,13.999,9.092,19.619
2012-08-19,14.021,8.735,20.581
2012-08-20,14.019,8.799,19.873
2012-08-21,14.23,9.792,19.964
2012-08-22,14.375,9.475,20.446
2012-08-23,14.377,10.498,18.719
2012-08-24,14.457,9.393,20.238
2012-08-25,14.0,8.715,18.892
2012-08-26,13.782,8.455,19.312
2012-08-27,14.832,9.94,21.299
2012-08-28,14.799,8.835,21.708
2012-08-29,14.956,8.313,22.188
2012-08-30,14.192,8.385,20.787
2012-08-31,14.378,10.727,20.251
2012-09-01,14.411,9.426,20.766
2012-09-02,14.085,8.673,20.779
2012-09-03,14.103,8.375,21.543
2012-09-04,14.761,8.801,20.913
2012-09-05,14.042,9.186,19.47
2012-09-06,14.409,8.492,20.937
2012-09-07,14.707,8.217,22.425
2012-09-08,14.825,9.58,20.169
2012-09-09,14.736,8.709,21.349
2012-09-10,14.065,7.633,21.172
2012-09-11,14.297,8.705,20.178
2012-09-12,14.704,10.038,20.05
2012-09-13,14.364,9.617,19.524
2012-09-14,14.815,8.139,20.603
2012-09-15,14.558,8.47,21.458
2012-09-16,14.338,8.046,21.376
2012-09-17,14.056,9.295,19.924
2012-09-18,14.085,10.746,18.491
2012-09-19,14.988,8.778,21.589
2012-09-20,14.757,8.647,21.76
2012-09-21,14.881,9.93,21.493
2012-09-22,15.006,9.988,20.938
2012-09-23,14.661,10.984,20.222
2012-09-24,14.521,11.711,20.039
2012-09-25,13.616,9.855,19.582
2012-09-26,13.844,8.646,20.498
2012-09-27,14.555,9.299,21.374
2012-09-28,14.542,10.097,18.722
2012-09-29,14.274,9.47,19.798
2012-09-30,13.701,8.406,19.873
2012-10-01,13.85,8.998,19.154
2012-10-02,14.546,10.069,20.337
2012-10-03,15.079,10.227,21.975
2012-10-04,15.07,9.987,21.595
2012-10-05,14.755,11.24,20.276
2012-10-06,14.195,11.686,17.811
2012-10-07,14.435,12.366,17.782
2012-10-08,14.269,10.332,18.97
2012-10-09,14.34,9.327,19.344
2012-10-10,14.218,10.366,18.819
2012-10-11,14.612,10.438,20.208
2012-10-12,14.794,10.79,20.348
2012-10-13,14.994,12.161,18.974
2012-10-14,14.586,11.629,19.734
2012-10-15,14.287,10.885,19.617
2012-10-16,14.042,11.133,17.44
2012-10-17,14.012,10.259,18.686
2012-10-18,14.26,11.638,18.485
2012-10-19,13.231,10.317,16.861
2012-10-20,13.79,11.391,17.21
2012-10-21,14.013,9.326,19.705
2012-10-22,14.504,11.474,18.591
2012-10-23,14.607,9.949,20.686
2012-10-24,14.327,10.597,19.877
2012-10-25,13.882,8.483,19.393
2012-10-26,14.717,11.525,19.365
2012-10-27,14.631,8.943,21.175
2012-10-28,14.67,8.994,22.321
2012-10-29,14.545,9.32,19.455
2012-10-30,14.592,11.912,19.707
2012-10-31,14.243,9.538,19.291
2012-11-01,14.525,9.786,20.302
2012-11-02,14.579,10.101,19.832
2012-11-03,14.648,10.134,20.761
2012-11-04,14.559,9.444,20.684
2012-11-05,14.274,9.947,19.482
2012-11-06,14.101,8.72,19.923
2012-11-07,14.347,9.802,20.246
2012-11-08,14.791,10.224,20.881
2012-11-09,15.094,9.919,20.942
2012-11-10,14.889,11.102,20.196
2012-11-11,14.663,10.179,21.075
2012-11-12,14.606,11.139,20.002
2012-11-13,14.394,10.744,19.47
2012-11-14,14.816,10.148,20.477
2012-11-15,14.027,11.696,18.274
2012-11-16,14.125,11.481,18.081
2012-11-17,14.248,11.767,18.254
2012-11-18,14.274,12.194,17.491
2012-11-19,14.807,10.763,19.93
2012-11-20,15.633,10.757,21.427
2012-11-21,15.294,10.609,20.35
2012-11-22,14.569,11.112,19.362
2012-11-23,14.522,11.182,18.956
2012-11-24,15.294,10.795,20.784
2012-11-25,14.998,8.892,21.36
2012-11-26,14.942,9.045,21.172
2012-11-27,15.048,11.689,19.179
2012-11-28,14.94,10.557,19.5
2012-11-29,14.637,10.67,19.565
2012-11-30,14.51,10.348,19.876
2012-12-01,14.369,10.711,19.585
2012-12-02,13.896,10.464,18.307
2012-12-03,14.124,10.21,19.314
2012-12-04,14.583,10.783,19.484
2012-12-05,14.161,11.87,18.071
2012-12-06,14.206,10.763,19.635
2012-12-07,14.725,10.651,20.066
2012-12-08,15.569,11.288,20.849
2012-12-09,15.189,9.074,21.901
2012-12-10,15.614,10.713,21.265
2012-12-11,15.22,11.618,20.057
2012-12-12,14.501,10.279,19.148
2012-12-13,14.312,10.768,18.822
2012-12-14,14.001,10.585,18.753
2012-12-15,14.031,11.298,18.558
2012-12-16,14.779,11.32,19.928
2012-12-17,14.588,11.106,19.331
2012-12-18,14.733,12.172,19.149
2012-12-19,14.319,10.422,19.88
2012-12-20,14.265,9.375,19.036
2012-12-21,14.521,10.285,19.467
2012-12-22,14.23,9.707,19.741
2012-12-23,14.182,10.224,19.922
2012-12-24,14.3,10.341,19.649
2012-12-25,13.912,10.659,19.05
2012-12-26,14.443,9.646,20.288
2012-12-27,14.542,9.613,20.128
2012-12-28,14.805,8.359,21.487
2012-12-29,14.833,7.653,21.588
2012-12-30,15.424,9.356,21.386
2012-12-31,15.279,8.946,21.844
2013-01-01,14.782,8.322,21.222
2013-01-02,15.116,8.147,21.967
2013-01-03,15.494,9.268,22.112
2013-01-04,16.262,11.312,22.237
2013-01-05,15.283,8.573,22.328
2013-01-06,15.011,7.69,22.364
2013-01-07,14.966,7.516,22.454
2013-01-08,15.205,7.479,23.209
2013-01-09,14.819,7.101,23.037
2013-01-10,15.052,8.354,22.52
2013-01-11,15.265,8.823,22.323
2013-01-12,15.709,10.918,21.438
2013-01-13,15.366,10.862,21.046
2013-01-14,15.153,12.106,19.873
2013-01-15,15.369,11.772,20.522
2013-01-16,15.307,11.891,20.47
2013-01-17,15.458,12.623,19.696
2013-01-18,15.256,12.84,18.953
2013-01-19,15.984,12.6,21.923
2013-01-20,16.068,11.977,21.635
2013-01-21,16.68,13.086,22.393
2013-01-22,16.511,13.831,21.699
2013-01-23,15.792,13.137,20.366
2013-01-24,15.026,11.511,19.758
2013-01-25,15.209,11.2,20.263
2013-01-26,15.745,11.719,21.465
2013-01-27,15.814,11.475,21.598
2013-01-28,16.403,11.33,22.51
2013-01-29,16.8,12.186,22.547
2013-01-30,16.845,13.037,22.599
2013-01-31,16.131,12.776,21.04
2013-02-01,15.195,11.742,19.667
2013-02-02,15.239,12.529,20.345
2013-02-03,14.44,9.844,19.575
2013-02-04,15.006,11.223,19.813
2013-02-05,14.689,12.436,18.563
2013-02-06,14.78,11.929,19.906
2013-02-07,14.871,11.403,20.571
2013-02-08,14.551,11.315,19.139
2013-02-09,14.36,11.248,18.991
2013-02-10,14.084,10.484,19.304
2013-02-11,13.87,11.574,17.194
2013-02-12,14.155,10.421,19.066
2013-02-13,14.288,11.284,18.796
2013-02-14,14.165,11.266,19.287
2013-02-15,14.917,11.044,20.807
2013-02-16,15.093,10.961,19.507
2013-02-17,14.105,11.44,17.237
2013-02-18,14.07,10.035,19.698
2013-02-19,14.917,10.676,20.697
2013-02-20,15.584,11.01,21.273
2013-02-21,15.561,10.4,21.201
2013-02-22,15.583,10.891,21.348
2013-02-23,15.998,10.678,22.024
2013-02-24,15.897,11.54,21.38
2013-02-25,15.665,10.843,21.418
2013-02-26,16.034,12.664,21.023
2013-02-27,16.038,10.535,21.898
2013-02-28,15.989,11.992,21.204
2013-03-01,14.977,11.194,19.164
2013-03-02,15.122,9.216,22.001
2013-03-03,15.671,10.269,21.28
2013-03-04,15.285,11.778,20.601
2013-03-05,15.298,10.084,21.49
2013-03-06,15.79,10.849,21.665
2013-03-07,15.68,12.11,21.127
2013-03-08,16.651,11.585,23.361
2013-03-09,16.089,9.84,22.571
2013-03-10,15.692,10.58,21.749
2013-03-11,15.911,11.028,21.462
2013-03-12,15.406,11.522,20.614
2013-03-13,15.219,10.373,21.28
2013-03-14,15.287,11.171,21.182
2013-03-15,14.578,11.164,19.083
2013-03-16,15.161,11.428,20.987
2013-03-17,15.526,12.778,20.943
2013-03-18,14.854,11.145,20.222
2013-03-19,15.2,11.784,20.156
2013-03-20,15.128,11.576,19.772
2013-03-21,15.158,12.359,19.361
2013-03-22,14.462,10.855,19.857
2013-03-23,14.089,10.905,18.276
2013-03-24,14.965,9.127,21.757
2013-03-25,16.099,11.318,22.898
2013-03-26,16.135,11.574,21.873
2013-03-27,16.204,9.741,22.148
2013-03-28,15.934,10.934,21.883
2013-03-29,15.299,10.692,21.348
2013-03-30,15.886,11.218,21.714
2013-03-31,15.721,10.746,21.585
2013-04-01,16.523,9.942,23.181
2013-04-02,16.22,11.99,21.594
2013-04-03,16.144,12.361,21.179
2013-04-04,16.119,11.358,22.005
2013-04-05,16.08,10.991,22.557
2013-04-06,15.881,11.375,22.166
2013-04-07,16.057,11.245,21.48
2013-04-08,15.951,10.677,22.433
2013-04-09,16.265,10.047,22.019
2013-04-10,16.047,11.349,21.827
2013-04-11,16.167,11.423,21.612
2013-04-12,16.251,12.161,21.593
2013-04-13,16.107,11.245,21.954
2013-04-14,16.093,11.581,21.292
2013-04-15,15.388,10.588,21.696
2013-04-16,15.838,10.938,21.559
2013-04-17,15.571,10.807,20.775
2013-04-18,14.999,11.944,20.585
2013-04-19,14.367,12.191,18.742
2013-04-20,14.264,10.47,19.163
2013-04-21,14.089,11.337,18.226
2013-04-22,14.368,9.631,19.77
2013-04-23,14.374,10.497,19.278
2013-04-24,14.767,11.417,18.803
2013-04-25,15.553,11.894,21.12
2013-04-26,15.26,10.811,19.729
2013-04-27,14.92,11.421,20.229
2013-04-28,14.434,10.641,18.973
2013-04-29,14.675,11.517,19.36
2013-04-30,14.283,9.927,20.119
2013-05-01,14.647,10.729,20.003
2013-05-02,14.566,11.541,18.897
2013-05-03,14.435,12.524,17.833
2013-05-04,15.399,11.42,21.341
2013-05-05,14.572,12.627,17.404
2013-05-06,14.067,11.647,17.83
2013-05-07,14.195,12.611,17.108
2013-05-08,14.243,8.221,20.2
2013-05-09,14.95,9.816,20.286
2013-05-10,14.829,10.933,20.07
2013-05-11,15.222,11.497,20.319
2013-05-12,15.025,9.69,21.472
2013-05-13,15.109,10.854,21.069
2013-05-14,15.19,11.264,20.813
2013-05-15,15.212,11.051,20.742
2013-05-16,14.587,11.38,19.072
2013-05-17,14.622,12.338,17.929
2013-05-18,14.866,10.656,19.495
2013-05-19,14.969,10.513,20.662
2013-05-20,14.596,11.909,17.653
2013-05-21,14.475,11.222,18.144
2013-05-22,14.522,10.001,19.873
2013-05-23,14.522,12.348,18.139
2013-05-24,14.368,10.401,19.735
2013-05-25,14.371,9.807,19.82
2013-05-26,15.012,9.966,20.44
2013-05-27,14.767,11.349,19.273
2013-05-28,14.383,10.559,19.966
2013-05-29,14.176,10.323,18.464
2013-05-30,14.432,11.18,19.347
2013-05-31,14.299,11.508,18.334
2013-06-01,13.295,9.448,17.026
2013-06-02,14.324,11.036,19.595
2013-06-03,14.251,9.206,19.639
2013-06-04,15.098,9.543,21.327
2013-06-05,14.523,9.217,21.372
2013-06-06,14.286,10.813,18.317
2013-06-07,14.15,10.231,19.444
2013-06-08,14.615,8.998,21.585
2013-06-09,14.338,8.491,21.355
2013-06-10,14.793,10.522,21.259
2013-06-11,15.006,10.889,20.189
2013-06-12,14.2,10.353,18.996
2013-06-13,14.625,11.081,18.817
2013-06-14,15.073,10.23,20.108
2013-06-15,14.744,10.24,19.861
2013-06-16,14.794,9.752,20.628
2013-06-17,16.189,11.285,22.654
2013-06-18,15.557,9.312,21.839
2013-06-19,14.896,10.572,19.443
2013-06-20,14.231,9.536,18.482
2013-06-21,14.138,9.383,19.222
2013-06-22,15.191,10.249,20.657
2013-06-23,15.302,9.349,20.107
2013-06-24,15.233,11.445,19.953
2013-06-25,14.614,10.855,19.468
2013-06-26,14.996,9.206,21.593
2013-06-27,15.214,9.567,22.649
2013-06-28,14.097,10.242,18.39
2013-06-29,13.752,9.464,19.267
2013-06-30,14.148,10.042,19.645
2013-07-01,13.51,8.886,18.33
2013-07-02,13.83,7.882,20.153
2013-07-03,14.33,9.307,20.089
2013-07-04,14.162,8.639,19.685
2013-07-05,13.863,8.452,20.501
2013-07-06,14.267,8.306,19.733
2013-07-07,14.019,8.329,19.886
2013-07-08,14.727,9.224,20.948
2013-07-09,14.504,9.81,21.006
2013-07-10,14.322,9.203,19.764
2013-07-11,13.643,9.464,17.577
2013-07-12,14.321,8.64,20.195
2013-07-13,14.825,7.782,21.23
2013-07-14,15.152,9.976,21.6
2013-07-15,14.581,9.023,20.302
2013-07-16,15.16,10.912,20.921
2013-07-17,15.084,10.08,21.197
2013-07-18,14.593,9.601,20.443
2013-07-19,14.68,9.687,20.488
2013-07-20,14.17,9.806,18.509
2013-07-21,14.241,7.783,21.989
2013-07-22,14.704,9.093,20.282
2013-07-23,14.716,10.486,20.2
2013-07-24,15.107,9.487,20.898
2013-07-25,14.593,8.764,20.39
2013-07-26,14.669,10.468,19.374
2013-07-27,14.229,9.981,19.393
2013-07-28,14.117,8.468,20.079
2013-07-29,14.248,9.023,20.229
2013-07-30,14.197,9.677,19.408
2013-07-31,14.434,9.887,19.514
2013-08-01,14.795,9.929,21.266
2013-08-02,14.491,9.605,19.337
2013-08-03,15.021,9.913,21.255
2013-08-04,14.602,8.144,21.047
2013-08-05,14.407,8.688,19.849
2013-08-06,15.079,9.413,21.894
2013-08-07,14.572,10.037,20.324
2013-08-08,14.126,10.714,19.157
2013-08-09,14.014,10.008,19.164
2013-08-10,14.433,10.239,20.467
2013-08-11,14.261,11.771,17.91
2013-08-12,13.906,10.036,18.734
2013-08-13,14.336,10.447,18.335
2013-08-14,14.849,9.822,20.51
2013-08-15,14.927,9.48,20.647
2013-08-16,14.309,8.796,19.392
2013-08-17,15.003,11.837,19.609
2013-08-18,14.05,9.551,17.705
2013-08-19,14.031,9.592,20.377
2013-08-20,14.493,8.587,20.18
2013-08-21,14.404,10.062,19.141
2013-08-22,14.128,8.729,20.466
2013-08-23,14.435,8.659,20.338
2013-08-24,15.066,11.905,20.296
2013-08-25,14.456,11.12,19.897
2013-08-26,14.484,9.08,19.972
2013-08-27,14.309,9.835,18.646
2013-08-28,14.455,8.677,20.444
2013-08-29,14.479,9.66,20.762
2013-08-30,13.809,8.978,20.037
2013-08-31,14.256,9.424,20.451
2013-09-01,14.342,8.783,20.213
2013-09-02,14.661,9.474,19.974
2013-09-03,14.229,9.842,19.96
2013-09-04,13.603,9.125,18.737
2013-09-05,14.351,10.118,20.601
2013-09-06,14.224,8.936,20.342
2013-09-07,13.956,10.252,18.408
2013-09-08,14.495,9.284,20.904
2013-09-09,14.257,10.418,19.974
2013-09-10,14.431,8.833,19.785
2013-09-11,14.358,9.588,19.674
2013-09-12,14.131,9.644,20.161
2013-09-13,13.925,10.804,19.112
2013-09-14,14.444,9.763,20.321
2013-09-15,14.868,9.011,21.37
2013-09-16,15.011,9.622,21.193
2013-09-17,14.758,9.86,20.249
2013-09-18,15.178,9.268,21.716
2013-09-19,14.434,8.624,21.39
2013-09-20,14.596,8.706,20.907
2013-09-21,15.907,11.409,22.094
2013-09-22,15.303,8.914,22.28
2013-09-23,15.721,9.106,23.189
2013-09-24,15.7,9.922,22.941
2013-09-25,14.849,8.784,21.871
2013-09-26,14.305,9.857,19.606
2013-09-27,14.388,9.538,20.062
2013-09-28,13.932,9.81,18.621
2013-09-29,14.086,9.626,20.01
2013-09-30,14.018,10.149,18.169
2013-10-01,14.066,9.509,19.208
2013-10-02,14.759,10.604,21.272
2013-10-03,14.5,9.369,21.622
2013-10-04,13.707,10.526,18.247
2013-10-05,13.926,8.296,20.452
2013-10-06,14.361,7.472,22.575
2013-10-07,14.599,8.53,21.043
2013-10-08,14.503,10.131,20.809
2013-10-09,14.638,8.596,20.954
2013-10-10,15.022,9.368,21.126
2013-10-11,14.7,10.835,19.735
2013-10-12,14.92,10.646,19.783
2013-10-13,14.61,11.44,20.136
2013-10-14,14.236,10.895,19.075
2013-10-15,14.274,9.817,20.161
2013-10-16,13.778,11.54,17.595
2013-10-17,13.999,10.423,18.463
2013-10-18,14.066,9.603,20.099
2013-10-19,14.276,8.243,20.938
2013-10-20,14.636,9.144,20.916
2013-10-21,14.617,10.96,20.583
2013-10-22,14.112,10.729,18.402
2013-10-23,14.192,10.351,19.789
2013-10-24,14.699,9.256,20.858
2013-10-25,15.021,8.352,22.815
2013-10-26,15.093,9.761,20.509
2013-10-27,14.357,10.701,19.532
2013-10-28,14.699,10.327,20.123
2013-10-29,14.676,10.594,20.37
2013-10-30,14.367,10.897,19.246
2013-10-31,13.492,11.784,16.337
2013-11-01,13.864,10.001,18.684
2013-11-02,14.147,9.992,19.646
2013-11-03,14.019,10.846,18.644
2013-11-04,13.448,11.728,16.59
2013-11-05,13.683,11.815,17.442
2013-11-06,13.982,10.449,19.813
2013-11-07,13.583,11.492,16.689
2013-11-08,13.988,9.982,19.153
2013-11-09,14.74,12.166,19.129
2013-11-10,14.015,11.427,18.032
2013-11-11,14.708,10.147,20.033
2013-11-12,14.906,10.238,20.513
2013-11-13,14.433,9.238,20.689
2013-11-14,14.424,9.395,20.009
2013-11-15,14.245,9.074,20.176
2013-11-16,15.549,11.697,20.677
2013-11-17,15.675,10.672,22.035
2013-11-18,14.714,11.442,19.311
2013-11-19,14.262,11.136,18.988
2013-11-20,13.501,8.589,19.683
2013-11-21,14.547,11.157,19.892
2013-11-22,14.237,10.288,19.35
2013-11-23,14.219,9.587,19.636
2013-11-24,13.898,10.312,20.071
2013-11-25,14.124,10.624,19.501
2013-11-26,13.815,10.91,17.985
2013-11-27,14.112,10.241,19.039
2013-11-28,13.942,11.181,17.912
2013-11-29,13.453,10.718,17.622
2013-11-30,14.337,11.018,18.821
2013-12-01,14.121,10.619,19.037
2013-12-02,14.582,11.014,19.324
2013-12-03,14.544,12.152,18.158
2013-12-04,14.253,9.883,19.516
2013-12-05,13.903,8.777,20.006
2013-12-06,14.313,8.74,19.955
2013-12-07,14.215,10.348,19.282
2013-12-08,13.575,9.895,18.984
2013-12-09,13.716,9.21,19.319
2013-12-10,13.992,9.558,19.296
2013-12-11,14.385,9.764,20.267
2013-12-12,14.722,10.04,20.036
2013-12-13,14.315,10.567,20.018
2013-12-14,14.501,9.011,20.174
2013-12-15,14.694,9.51,20.651
2013-12-16,14.732,9.474,20.78
2013-12-17,14.752,10.726,19.773
2013-12-18,14.381,11.315,19.194
2013-12-19,14.54,11.069,19.509
2013-12-20,14.7,11.88,18.712
2013-12-21,14.708,9.772,19.983
2013-12-22,14.729,10.467,20.483
2013-12-23,14.211,9.939,19.407
2013-12-24,13.631,11.798,17.34
2013-12-25,13.227,8.928,18.808
2013-12-26,14.022,10.17,19.051
2013-12-27,14.25,9.257,20.938
2013-12-28,14.708,8.841,21.857
2013-12-29,15.324,8.972,21.871
2013-12-30,15.684,10.218,21.844
2013-12-31,15.367,10.45,20.581
2014-01-01,15.309,10.384,20.715
2014-01-02,14.907,10.082,20.42
2014-01-03,15.157,10.75,20.274
2014-01-04,15.698,12.005,20.717
2014-01-05,15.566,11.541,20.184
2014-01-06,14.568,11.661,19.03
2014-01-07,13.322,9.51,18.322
2014-01-08,14.304,10.953,19.448
2014-01-09,14.542,10.416,19.702
2014-01-10,14.593,9.701,20.323
2014-01-11,14.892,9.512,20.274
2014-01-12,14.559,9.485,19.803
2014-01-13,15.397,12.306,20.383
2014-01-14,15.68,12.352,21.038
2014-01-15,15.226,11.823,20.322
2014-01-16,14.773,10.273,20.651
2014-01-17,15.693,12.161,20.61
2014-01-18,15.101,10.378,20.411
2014-01-19,14.394,9.617,19.814
2014-01-20,14.56,9.297,21.241
2014-01-21,15.4,11.919,19.968
2014-01-22,15.08,12.597,19.699
2014-01-23,15.263,11.358,21.129
2014-01-24,15.44,11.274,20.512
2014-01-25,14.646,10.64,19.641
2014-01-26,14.704,11.232,19.404
2014-01-27,14.596,10.833,19.947
2014-01-28,14.767,11.129,20.051
2014-01-29,14.854,10.682,20.218
2014-01-30,14.774,11.495,19.406
2014-01-31,15.107,10.684,20.454
2014-02-01,15.774,12.982,20.178
2014-02-02,15.223,11.474,19.726
2014-02-03,14.76,10.847,19.95
2014-02-04,15.135,11.383,20.352
2014-02-05,14.962,11.336,19.482
2014-02-06,14.211,9.092,20.199
2014-02-07,14.795,9.131,20.754
2014-02-08,15.554,11.968,20.973
2014-02-09,15.386,11.736,20.653
2014-02-10,15.097,11.167,20.768
2014-02-11,15.032,11.0,20.373
2014-02-12,15.474,10.623,21.33
2014-02-13,14.846,9.895,21.28
2014-02-14,15.174,10.2,21.262
2014-02-15,15.347,11.294,20.965
2014-02-16,15.155,10.248,20.451
2014-02-17,15.215,11.495,20.41
2014-02-18,14.888,10.936,20.844
2014-02-19,14.958,11.82,20.165
2014-02-20,14.673,10.832,19.611
2014-02-21,15.013,11.098,21.497
2014-02-22,14.864,10.181,20.33
2014-02-23,14.898,11.921,19.626
2014-02-24,15.121,10.972,20.76
2014-02-25,14.429,10.93,19.864
2014-02-26,14.663,11.135,19.953
2014-02-27,14.823,10.471,19.566
2014-02-28,14.002,11.118,17.383
2014-03-01,14.087,11.331,18.601
2014-03-02,13.55,12.45,15.917
2014-03-03,13.731,11.348,18.144
2014-03-04,14.551,10.634,20.381
2014-03-05,14.966,12.192,19.829
2014-03-06,14.872,12.346,19.287
2014-03-07,14.611,11.569,19.754
2014-03-08,14.261,10.996,18.611
2014-03-09,14.388,11.302,19.402
2014-03-10,14.374,11.51,18.186
2014-03-11,15.014,11.941,19.82
2014-03-12,15.071,12.718,19.392
2014-03-13,14.824,11.514,19.519
2014-03-14,14.665,11.322,19.575
2014-03-15,15.106,11.66,19.625
2014-03-16,15.124,11.287,20.318
2014-03-17,15.413,11.139,21.411
2014-03-18,15.524,11.799,20.999
2014-03-19,15.478,8.659,21.813
2014-03-20,15.842,8.885,22.238
2014-03-21,16.404,12.105,21.928
2014-03-22,16.298,11.151,21.805
2014-03-23,15.833,10.479,21.669
2014-03-24,15.521,10.201,20.508
2014-03-25,15.15,10.286,20.942
2014-03-26,15.195,11.747,20.403
2014-03-27,15.263,10.575,21.057
2014-03-28,16.218,10.682,22.213
2014-03-29,16.363,10.794,22.5
2014-03-30,15.471,10.89,20.744
2014-03-31,14.894,11.597,19.962
2014-04-01,15.607,9.345,23.198
2014-04-02,15.316,10.241,21.09
2014-04-03,14.841,10.225,20.6
2014-04-04,15.225,10.249,21.231
2014-04-05,15.821,11.787,21.414
2014-04-06,15.421,9.738,21.3
2014-04-07,15.113,9.723,21.202
2014-04-08,15.303,9.628,21.331
2014-04-09,15.46,9.389,22.37
2014-04-10,15.74,10.563,21.55
2014-04-11,16.198,9.933,22.995
2014-04-12,15.783,10.054,22.48
2014-04-13,15.662,9.524,23.063
2014-04-14,16.097,11.125,22.052
2014-04-15,15.455,11.732,20.7
2014-04-16,14.724,12.005,18.842
2014-04-17,15.09,11.511,21.159
2014-04-18,15.396,10.514,21.63
2014-04-19,14.953,11.533,20.184
2014-04-20,14.91,10.667,21.262
2014-04-21,14.429,11.47,18.45
2014-04-22,15.129,12.28,20.022
2014-04-23,14.894,11.005,21.116
2014-04-24,14.476,11.462,18.705
2014-04-25,15.36,11.347,19.502
2014-04-26,14.971,11.039,20.085
2014-04-27,14.882,11.682,20.129
2014-04-28,15.436,11.0,20.842
2014-04-29,15.049,10.237,21.033
2014-04-30,14.987,10.592,20.731
2014-05-01,15.051,11.418,20.123
2014-05-02,14.626,10.622,19.768
2014-05-03,15.037,10.895,20.551
2014-05-04,15.327,11.176,20.043
2014-05-05,15.217,11.765,20.566
2014-05-06,15.258,10.321,21.055
2014-05-07,15.173,12.019,20.267
2014-05-08,14.655,12.703,17.818
2014-05-09,13.529,11.884,16.398
2014-05-10,13.818,9.48,19.299
2014-05-11,13.95,10.488,18.505
2014-05-12,14.338,8.973,20.278
2014-05-13,15.552,11.605,21.436
2014-05-14,15.259,10.184,20.831
2014-05-15,14.776,11.055,20.086
2014-05-16,14.676,10.969,19.992
2014-05-17,14.846,12.079,18.215
2014-05-18,14.432,11.234,18.925
2014-05-19,14.568,10.79,20.323
2014-05-20,14.672,11.191,19.207
2014-05-21,14.478,10.748,20.191
2014-05-22,14.992,10.313,21.669
2014-05-23,15.025,10.477,21.175
2014-05-24,16.042,10.64,22.03
2014-05-25,15.859,9.716,22.679
2014-05-26,15.878,10.301,21.664
2014-05-27,15.168,11.237,20.411
2014-05-28,14.617,10.7,18.847
2014-05-29,14.265,10.886,18.754
2014-05-30,14.199,9.757,20.161
2014-05-31,15.311,10.853,21.053
2014-06-01,15.438,9.875,20.821
2014-06-02,15.773,12.802,20.509
2014-06-03,15.074,11.502,19.826
2014-06-04,15.958,10.604,22.143
2014-06-05,15.858,10.666,21.564
2014-06-06,15.714,11.769,20.503
2014-06-07,15.509,11.213,21.111
2014-06-08,15.289,11.783,19.362
2014-06-09,14.819,11.056,19.072
2014-06-10,14.925,9.198,21.463
2014-06-11,15.493,11.88,19.831
2014-06-12,15.784,11.23,21.849
2014-06-13,15.26,9.53,21.625
2014-06-14,14.711,9.337,20.749
2014-06-15,15.378,10.82,20.665
2014-06-16,15.138,9.721,21.607
2014-06-17,15.098,10.013,20.751
2014-06-18,14.938,10.965,19.728
2014-06-19,14.78,10.267,20.892
2014-06-20,15.016,10.716,20.724
2014-06-21,14.444,9.231,20.878
2014-06-22,14.701,9.669,19.369
2014-06-23,14.561,10.286,18.59
2014-06-24,14.909,10.644,20.757
2014-06-25,14.645,11.517,18.323
2014-06-26,14.18,9.785,19.161
2014-06-27,14.16,7.573,21.157
2014-06-28,14.783,11.905,18.365
2014-06-29,15.008,9.732,21.061
2014-06-30,14.76,9.625,20.581
2014-07-01,14.523,9.991,19.729
2014-07-02,14.749,10.322,19.571
2014-07-03,15.196,8.698,21.538
2014-07-04,15.014,8.591,20.776
2014-07-05,15.226,10.993,19.916
2014-07-06,15.086,9.7,19.889
2014-07-07,14.954,11.177,18.95
2014-07-08,14.664,9.624,19.763
2014-07-09,14.587,9.148,21.091
2014-07-10,14.977,10.007,20.448
2014-07-11,14.717,9.7,21.074
2014-07-12,14.734,11.006,19.472
2014-07-13,15.008,9.511,21.93
2014-07-14,15.319,9.959,21.872
2014-07-15,14.779,9.126,20.464
2014-07-16,15.233,10.108,20.767
2014-07-17,15.052,9.394,20.708
2014-07-18,14.3,9.125,20.766
2014-07-19,15.141,9.242,21.403
2014-07-20,14.804,9.03,20.465
2014-07-21,15.254,10.259,20.642
2014-07-22,15.506,9.732,22.427
2014-07-23,14.715,8.024,21.476
2014-07-24,15.542,10.241,20.809
2014-07-25,14.835,7.914,22.254
2014-07-26,15.038,10.036,21.284
2014-07-27,15.427,10.619,20.943
2014-07-28,15.06,8.025,23.125
2014-07-29,14.878,8.435,21.419
2014-07-30,15.02,10.398,20.6
2014-07-31,14.662,9.388,21.265
2014-08-01,15.066,9.854,21.0
2014-08-02,14.61,10.661,20.995
2014-08-03,14.036,9.072,20.52
2014-08-04,14.659,9.61,21.18
2014-08-05,15.677,11.287,21.164
2014-08-06,14.964,9.954,20.535
2014-08-07,14.163,9.666,18.806
2014-08-08,14.237,8.926,19.685
2014-08-09,14.768,8.614,20.837
2014-08-10,14.665,10.601,19.79
2014-08-11,15.193,10.491,21.313
2014-08-12,15.06,10.026,20.688
2014-08-13,14.456,9.284,19.779
2014-08-14,14.318,9.647,20.565
2014-08-15,15.126,7.817,21.921
2014-08-16,14.573,7.934,20.545
2014-08-17,14.776,9.938,21.106
2014-08-18,14.366,10.192,19.847
2014-08-19,14.243,11.02,18.273
2014-08-20,13.856,9.074,19.642
2014-08-21,14.719,9.445,20.474
2014-08-22,14.714,10.34,20.303
2014-08-23,14.193,9.737,19.421
2014-08-24,14.229,9.214,19.935
2014-08-25,14.862,9.88,19.638
2014-08-26,14.523,9.967,19.777
2014-08-27,13.814,8.266,20.055
2014-08-28,14.141,11.135,17.865
2014-08-29,14.155,7.492,21.445
2014-08-30,14.474,6.267,22.864
2014-08-31,15.067,7.821,23.067
2014-09-01,15.443,8.785,22.134
2014-09-02,14.901,9.94,21.606
2014-09-03,14.573,9.433,20.392
2014-09-04,14.8,9.175,20.911
2014-09-05,14.947,8.136,21.408
2014-09-06,15.489,10.577,20.836
2014-09-07,15.332,9.86,20.971
2014-09-08,15.222,9.662,21.979
2014-09-09,14.931,8.503,22.347
2014-09-10,15.022,10.405,21.079
2014-09-11,14.759,10.833,19.793
2014-09-12,14.346,11.614,18.616
2014-09-13,14.165,10.64,18.399
2014-09-14,14.417,9.899,20.186
2014-09-15,14.136,9.193,19.441
2014-09-16,14.102,9.467,19.392
2014-09-17,14.414,8.586,21.028
2014-09-18,14.086,9.894,19.824
2014-09-19,14.658,11.106,19.8
2014-09-20,14.091,9.424,19.533
2014-09-21,13.928,9.604,19.621
2014-09-22,14.538,9.164,20.354
2014-09-23,14.241,9.541,19.686
2014-09-24,14.569,10.196,19.812
2014-09-25,14.506,8.674,21.404
2014-09-26,14.731,9.883,19.849
2014-09-27,14.754,9.534,20.806
2014-09-28,14.995,8.614,23.072
2014-09-29,14.672,8.266,22.789
2014-09-30,15.97,9.199,23.605
2014-10-01,14.824,8.723,20.878
2014-10-02,15.113,9.735,21.22
2014-10-03,14.838,9.683,20.316
2014-10-04,14.684,9.691,21.094
2014-10-05,14.965,10.796,20.815
2014-10-06,14.917,11.253,19.463
2014-10-07,14.603,9.876,20.141
2014-10-08,14.422,10.405,19.353
2014-10-09,13.402,12.141,15.587
2014-10-10,13.785,10.779,18.784
2014-10-11,13.671,9.445,18.591
2014-10-12,14.592,10.077,20.362
2014-10-13,14.452,11.735,19.618
2014-10-14,13.727,10.37,18.851
2014-10-15,13.786,9.147,19.451
2014-10-16,14.149,8.89,20.366
2014-10-17,13.943,9.85,20.163
2014-10-18,14.067,10.87,19.442
2014-10-19,13.66,10.648,17.96
2014-10-20,13.515,9.422,18.846
2014-10-21,14.042,9.872,19.586
2014-10-22,13.714,8.813,19.277
2014-10-23,13.938,7.874,20.343
2014-10-24,15.013,10.451,20.803
2014-10-25,14.461,10.27,19.287
2014-10-26,14.033,9.886,19.512
2014-10-27,13.782,10.051,18.812
2014-10-28,14.453,9.413,20.524
2014-10-29,14.202,9.623,19.882
2014-10-30,14.095,9.132,19.326
2014-10-31,14.348,10.701,19.914
2014-11-01,14.063,9.266,19.691
2014-11-02,14.493,10.879,18.647
2014-11-03,15.155,10.514,20.898
2014-11-04,14.861,10.301,21.196
2014-11-05,14.588,11.51,19.257
2014-11-06,14.327,10.699,18.398
2014-11-07,14.554,10.595,20.672
2014-11-08,14.172,9.747,19.0
2014-11-09,14.475,10.883,19.302
2014-11-10,13.784,9.535,18.767
2014-11-11,13.931,11.344,17.165
2014-11-12,13.204,10.834,15.815
2014-11-13,13.993,11.168,18.769
2014-11-14,13.368,9.506,18.085
2014-11-15,13.696,10.863,18.175
2014-11-16,13.867,10.167,19.047
2014-11-17,13.772,8.332,19.774
2014-11-18,14.531,10.514,19.667
2014-11-19,13.994,9.59,19.315
2014-11-20,13.611,10.016,17.964
2014-11-21,13.813,10.069,19.099
2014-11-22,14.618,11.668,19.943
2014-11-23,14.774,10.573,20.877
2014-11-24,14.676,10.232,20.587
2014-11-25,15.113,11.541,20.052
2014-11-26,14.646,11.173,20.141
2014-11-27,14.871,11.718,19.542
2014-11-28,14.754,9.982,20.909
2014-11-29,15.157,10.057,21.75
2014-11-30,14.668,10.016,20.323
2014-12-01,15.026,10.078,20.26
2014-12-02,14.871,8.977,21.058
2014-12-03,14.866,9.601,21.455
2014-12-04,14.618,9.398,20.814
2014-12-05,14.596,10.468,20.079
2014-12-06,14.613,11.255,19.858
2014-12-07,14.371,10.404,19.51
2014-12-08,14.702,12.07,18.833
2014-12-09,14.014,10.275,19.767
2014-12-10,13.705,10.459,19.151
2014-12-11,13.42,9.658,18.229
2014-12-12,13.999,9.53,20.002
2014-12-13,13.628,9.719,19.22
2014-12-14,13.396,9.905,18.406
2014-12-15,13.931,9.051,19.603
2014-12-16,14.776,12.048,19.462
2014-12-17,14.427,8.814,20.278
2014-12-18,14.544,8.782,20.535
2014-12-19,14.65,9.045,19.991
2014-12-20,14.936,9.994,20.691
2014-12-21,14.82,10.389,19.608
2014-12-22,15.236,8.214,22.184
2014-12-23,14.569,7.441,22.539
2014-12-24,15.158,9.418,21.41
2014-12-25,15.583,9.548,21.757
2014-12-26,16.137,9.88,23.015
2014-12-27,15.113,7.592,22.834
2014-12-28,15.498,10.307,21.165
2014-12-29,15.528,8.914,22.186
2014-12-30,15.434,10.839,21.144
2014-12-31,15.121,8.809,21.08
2015-01-01,15.391,9.671,21.462
2015-01-02,15.04,7.076,23.021
2015-01-03,14.556,6.844,22.787
2015-01-04,14.29,6.764,22.103
2015-01-05,14.514,7.107,22.056
2015-01-06,14.479,6.157,22.282
2015-01-07,13.907,5.31,22.468
2015-01-08,14.614,8.13,21.237
2015-01-09,15.501,10.139,21.058
2015-01-10,15.005,10.186,20.307
2015-01-11,15.216,9.422,21.514
2015-01-12,15.567,9.352,21.766
2015-01-13,15.101,9.085,21.624
2015-01-14,15.397,11.24,20.149
2015-01-15,15.619,12.324,20.681
2015-01-16,15.245,11.716,20.241
2015-01-17,14.457,10.409,19.338
2015-01-18,14.204,10.878,18.783
2015-01-19,14.408,10.474,20.496
2015-01-20,13.889,8.775,20.109
2015-01-21,14.144,10.493,19.582
2015-01-22,13.566,10.295,18.881
2015-01-23,14.144,10.404,19.714
2015-01-24,14.368,10.874,19.326
2015-01-25,15.12,11.2,20.518
2015-01-26,15.835,12.192,21.59
2015-01-27,15.209,11.292,20.393
2015-01-28,14.412,9.363,20.175
2015-01-29,15.441,10.377,22.206
2015-01-30,15.03,10.123,20.975
2015-01-31,14.567,11.069,20.017
2015-02-01,14.162,10.156,19.797
2015-02-02,14.918,10.494,20.613
2015-02-03,15.362,10.121,21.542
2015-02-04,14.661,8.911,20.946
2015-02-05,14.993,9.262,21.458
2015-02-06,15.126,11.161,20.34
2015-02-07,14.977,12.087,19.889
2015-02-08,14.108,11.102,19.262
2015-02-09,14.303,12.18,18.41
2015-02-10,14.135,9.991,18.937
2015-02-11,14.643,11.785,19.717
2015-02-12,14.79,10.728,20.199
2015-02-13,14.068,11.026,18.395
2015-02-14,14.654,9.935,20.539
2015-02-15,15.37,10.432,21.168
2015-02-16,16.131,11.632,22.399
2015-02-17,16.504,12.371,22.281
2015-02-18,15.682,12.046,20.529
2015-02-19,15.031,12.122,18.869
2015-02-20,14.66,12.154,19.247
2015-02-21,15.245,10.858,21.724
2015-02-22,15.773,11.894,21.604
2015-02-23,16.227,12.065,21.985
2015-02-24,15.204,11.302,19.935
2015-02-25,14.728,10.033,20.114
2015-02-26,15.191,11.68,20.551
2015-02-27,15.188,10.764,20.469
2015-02-28,15.216,10.839,21.167
2015-03-01,14.662,10.093,20.616
2015-03-02,14.807,10.529,20.463
2015-03-03,15.038,11.127,20.251
2015-03-04,15.591,11.992,20.807
2015-03-05,15.249,11.597,21.343
2015-03-06,14.917,11.43,20.865
2015-03-07,15.071,10.613,20.986
2015-03-08,15.601,9.723,21.748
2015-03-09,15.982,11.0,22.63
2015-03-10,16.172,11.848,22.226
2015-03-11,15.586,9.982,22.113
2015-03-12,15.617,9.583,22.035
2015-03-13,15.354,12.026,19.956
2015-03-14,15.258,12.577,20.221
2015-03-15,15.404,12.521,20.998
2015-03-16,14.752,10.885,20.21
2015-03-17,14.935,10.881,20.175
2015-03-18,14.971,12.471,19.446
2015-03-19,14.077,10.631,19.687
2015-03-20,13.849,11.133,18.323
2015-03-21,14.145,11.879,18.949
2015-03-22,14.162,9.292,19.314
2015-03-23,14.625,11.212,19.499
2015-03-24,15.008,11.22,20.084
2015-03-25,14.93,9.653,20.82
2015-03-26,15.22,10.54,21.213
2015-03-27,15.19,9.45,21.445
2015-03-28,14.965,10.689,20.027
2015-03-29,14.459,11.104,19.472
2015-03-30,14.517,10.465,19.5
2015-03-31,15.451,11.751,21.114
2015-04-01,15.615,11.784,21.211
2015-04-02,15.357,11.304,20.607
2015-04-03,15.283,11.878,20.142
2015-04-04,14.633,10.961,20.299
2015-04-05,14.435,10.916,19.562
2015-04-06,14.618,10.006,20.363
2015-04-07,14.961,11.257,20.041
2015-04-08,14.535,11.587,18.417
2015-04-09,14.913,11.437,20.666
2015-04-10,15.319,10.68,21.459
2015-04-11,15.195,10.767,22.179
2015-04-12,14.943,10.469,21.15
2015-04-13,15.166,10.237,21.127
2015-04-14,14.717,11.517,19.299
2015-04-15,14.464,10.823,20.147
2015-04-16,14.402,11.331,18.759
2015-04-17,14.382,10.964,19.78
2015-04-18,14.547,11.052,20.581
2015-04-19,14.684,11.48,18.919
2015-04-20,14.524,11.354,19.834
2015-04-21,14.474,12.278,17.807
2015-04-22,14.406,9.036,20.529
2015-04-23,15.399,9.836,21.37
2015-04-24,15.496,10.483,21.529
2015-04-25,15.138,10.71,20.649
2015-04-26,15.206,11.137,21.369
2015-04-27,15.349,9.914,22.054
2015-04-28,15.793,9.115,22.337
2015-04-29,15.54,9.047,22.811
2015-04-30,15.41,9.851,21.693
2015-05-01,15.084,10.993,20.321
2015-05-02,15.253,9.975,21.257
2015-05-03,15.84,10.463,21.496
2015-05-04,15.438,11.005,20.246
2015-05-05,15.338,9.595,21.086
2015-05-06,15.806,11.308,22.071
2015-05-07,15.894,10.841,22.453
2015-05-08,15.863,11.203,20.701
2015-05-09,15.518,10.656,20.363
2015-05-10,15.523,10.07,22.259
2015-05-11,15.639,9.216,22.695
2015-05-12,16.428,10.256,22.794
2015-05-13,15.563,10.46,21.956
2015-05-14,15.655,11.788,21.118
2015-05-15,15.451,12.343,21.02
2015-05-16,15.073,10.73,19.692
2015-05-17,15.291,11.475,21.501
2015-05-18,14.846,11.401,19.518
2015-05-19,14.899,11.571,19.504
2015-05-20,14.707,9.958,20.719
2015-05-21,14.821,10.577,19.629
2015-05-22,14.541,9.638,19.814
2015-05-23,15.072,10.503,20.001
2015-05-24,15.234,9.339,21.437
2015-05-25,14.553,11.322,19.773
2015-05-26,15.106,11.831,20.038
2015-05-27,15.048,10.474,20.69
2015-05-28,14.158,10.631,19.787
2015-05-29,14.122,10.694,19.021
2015-05-30,14.287,10.318,19.223
2015-05-31,14.73,9.695,20.548
2015-06-01,15.351,10.503,21.219
2015-06-02,14.989,9.998,21.641
2015-06-03,14.881,9.241,20.857
2015-06-04,15.181,10.641,20.142
2015-06-05,14.819,9.721,20.635
2015-06-06,14.479,9.101,20.132
2015-06-07,14.786,10.486,20.803
2015-06-08,14.677,11.567,19.256
2015-06-09,14.33,11.091,18.909
2015-06-10,14.662,9.757,20.131
2015-06-11,14.932,10.34,20.372
2015-06-12,14.844,9.747,21.082
2015-06-13,15.142,9.559,21.178
2015-06-14,15.461,11.704,20.523
2015-06-15,15.923,13.352,20.897
2015-06-16,15.86,10.511,21.317
2015-06-17,15.419,9.622,21.706
2015-06-18,15.145,10.032,20.598
2015-06-19,15.493,10.719,21.728
2015-06-20,15.272,10.163,21.534
2015-06-21,14.813,9.346,20.091
2015-06-22,14.539,10.382,18.838
2015-06-23,15.491,10.541,21.605
2015-06-24,16.169,9.408,23.264
2015-06-25,15.813,10.896,21.42
2015-06-26,15.588,11.79,20.858
2015-06-27,15.547,11.804,20.656
2015-06-28,15.173,11.4,20.681
2015-06-29,14.872,10.212,21.072
2015-06-30,15.132,10.608,20.608
2015-07-01,15.216,9.463,21.459
2015-07-02,15.405,9.543,21.888
2015-07-03,16.309,10.007,23.593
2015-07-04,16.286,10.815,22.614
2015-07-05,15.332,9.926,21.384
2015-07-06,15.216,10.776,21.072
2015-07-07,14.794,11.764,18.941
2015-07-08,14.717,11.353,18.375
2015-07-09,14.483,9.337,19.763
2015-07-10,15.185,10.923,20.383
2015-07-11,15.293,10.988,20.232
2015-07-12,14.594,8.983,20.39
2015-07-13,14.611,9.674,20.306
2015-07-14,15.167,11.137,19.038
2015-07-15,14.55,10.125,19.184
2015-07-16,14.725,11.584,20.158
2015-07-17,14.124,8.307,21.03
2015-07-18,13.92,9.89,18.406
2015-07-19,14.466,10.544,19.941
2015-07-20,14.136,10.665,17.436
2015-07-21,13.905,9.469,19.225
2015-07-22,14.721,10.255,19.842
2015-07-23,14.252,9.091,19.338
2015-07-24,14.268,9.847,18.499
2015-07-25,14.958,8.819,22.707
2015-07-26,15.18,9.052,22.098
2015-07-27,15.578,11.042,19.547
2015-07-28,15.023,9.344,21.755
2015-07-29,15.072,11.601,19.131
2015-07-30,14.302,10.033,19.863
2015-07-31,14.61,10.338,21.12
2015-08-01,14.192,8.953,20.065
2015-08-02,14.73,9.747,19.2
2015-08-03,15.627,9.603,22.105
2015-08-04,15.628,10.501,20.986
2015-08-05,15.969,9.166,22.428
2015-08-06,15.724,9.09,22.481
2015-08-07,15.334,10.389,21.604
2015-08-08,15.02,11.03,19.857
2015-08-09,14.547,12.068,18.229
2015-08-10,14.559,10.79,18.942
2015-08-11,14.98,10.625,20.664
2015-08-12,14.995,8.773,21.431
2015-08-13,14.542,8.629,20.741
2015-08-14,15.13,10.665,20.863
2015-08-15,14.734,10.376,21.607
2015-08-16,14.367,9.769,19.808
2015-08-17,14.497,9.525,20.462
2015-08-18,14.324,8.268,21.037
2015-08-19,15.192,9.401,21.423
2015-08-20,15.395,9.171,21.265
2015-08-21,15.105,9.168,20.989
2015-08-22,14.717,9.783,19.743
2015-08-23,15.264,10.53,20.086
2015-08-24,15.245,11.135,19.394
2015-08-25,14.637,9.274,20.493
2015-08-26,14.16,8.948,19.356
2015-08-27,15.064,10.722,20.606
2015-08-28,15.455,10.522,20.599
2015-08-29,15.353,7.971,23.041
2015-08-30,15.122,8.971,21.686
2015-08-31,15.073,8.389,22.116
2015-09-01,14.959,8.645,21.554
2015-09-02,14.463,8.778,20.988
2015-09-03,14.65,9.574,20.646
2015-09-04,15.413,9.969,20.585
2015-09-05,15.725,10.123,20.835
2015-09-06,15.194,9.929,20.725
2015-09-07,15.673,10.028,21.278
2015-09-08,16.009,10.962,22.035
2015-09-09,15.928,9.381,22.814
2015-09-10,15.091,10.508,21.026
2015-09-11,14.8,11.265,20.092
2015-09-12,15.078,8.375,23.478
2015-09-13,15.411,7.731,23.648
2015-09-14,15.152,9.272,21.291
2015-09-15,15.441,8.702,22.115
2015-09-16,15.555,8.879,22.476
2015-09-17,15.732,11.309,21.161
2015-09-18,14.929,11.161,19.435
2015-09-19,15.062,11.786,19.037
2015-09-20,15.15,11.862,20.091
2015-09-21,15.508,9.498,22.417
2015-09-22,16.028,9.9,22.557
2015-09-23,15.607,9.709,21.69
2015-09-24,15.374,10.697,21.736
2015-09-25,15.873,11.31,21.552
2015-09-26,15.25,9.905,21.929
2015-09-27,15.573,9.975,22.772
2015-09-28,15.505,8.544,23.601
2015-09-29,15.45,9.482,22.626
2015-09-30,14.588,11.162,20.055
2015-10-01,14.472,11.265,18.952
2015-10-02,14.344,9.745,19.916
2015-10-03,15.247,10.644,21.783
2015-10-04,15.604,10.164,21.775
2015-10-05,15.68,8.957,23.081
2015-10-06,15.596,9.894,21.548
2015-10-07,15.073,9.072,21.234
2015-10-08,15.726,11.412,21.29
2015-10-09,15.46,10.595,21.318
2015-10-10,15.249,11.097,20.41
2015-10-11,15.417,11.899,20.218
2015-10-12,15.138,12.048,19.528
2015-10-13,15.116,11.244,20.365
2015-10-14,14.531,11.716,18.085
2015-10-15,14.635,11.528,18.646
2015-10-16,15.169,10.967,20.221
2015-10-17,15.213,10.37,21.241
2015-10-18,15.343,11.866,20.099
2015-10-19,15.21,10.189,21.032
2015-10-20,15.195,9.972,22.528
2015-10-21,15.323,9.97,21.715
2015-10-22,16.051,12.617,20.978
2015-10-23,15.534,12.131,20.111
2015-10-24,14.371,11.504,17.603
2015-10-25,14.535,10.329,20.651
2015-10-26,14.559,11.516,19.852
2015-10-27,14.355,10.334,19.183
2015-10-28,14.39,9.931,20.817
2015-10-29,14.494,10.58,19.415
2015-10-30,14.575,9.652,20.528
2015-10-31,14.954,10.178,20.042
2015-11-01,14.312,10.278,19.325
2015-11-02,13.719,11.243,16.951
2015-11-03,14.566,10.624,19.622
2015-11-04,14.895,12.372,19.297
2015-11-05,14.098,11.746,18.0
2015-11-06,13.89,11.359,16.847
2015-11-07,14.735,12.114,18.583
2015-11-08,14.359,10.908,18.815
2015-11-09,14.125,9.534,19.767
2015-11-10,14.35,9.758,20.352
2015-11-11,14.34,9.939,20.053
2015-11-12,15.062,10.589,20.628
2015-11-13,15.108,10.916,20.363
2015-11-14,15.213,11.236,20.8
2015-11-15,14.726,11.718,19.783
2015-11-16,14.214,11.033,18.789
2015-11-17,14.783,11.814,19.881
2015-11-18,14.321,11.179,18.6
2015-11-19,14.145,9.682,20.07
2015-11-20,14.089,9.896,20.007
2015-11-21,14.909,11.206,19.748
2015-11-22,15.204,9.428,21.733
2015-11-23,15.093,11.33,19.756
2015-11-24,14.651,10.698,20.271
2015-11-25,14.796,10.138,20.978
2015-11-26,15.464,9.663,21.498
2015-11-27,14.929,10.954,20.168
2015-11-28,14.95,11.873,19.116
2015-11-29,15.237,10.653,20.593
2015-11-30,15.818,11.526,21.491
2015-12-01,15.566,11.973,21.648
2015-12-02,15.147,9.604,22.338
2015-12-03,14.546,9.574,19.773
2015-12-04,14.891,12.161,19.393
2015-12-05,14.832,10.9,21.225
2015-12-06,14.99,9.963,21.773
2015-12-07,15.336,9.646,21.021
2015-12-08,14.925,10.168,20.202
2015-12-09,15.292,9.814,21.498
2015-12-10,15.491,9.098,22.674
2015-12-11,15.618,10.197,21.088
2015-12-12,15.515,9.462,22.257
2015-12-13,16.193,11.567,21.788
2015-12-14,14.794,10.571,20.056
2015-12-15,14.457,9.839,19.759
2015-12-16,15.054,11.588,20.477
2015-12-17,15.011,10.774,20.22
2015-12-18,14.776,10.665,19.915
2015-12-19,14.983,11.317,19.74
2015-12-20,15.054,9.224,22.056
2015-12-21,15.065,8.618,22.614
2015-12-22,15.403,9.526,21.61
2015-12-23,16.003,10.003,22.322
2015-12-24,15.435,9.004,22.498
2015-12-25,15.703,9.085,22.734
2015-12-26,15.582,9.042,22.386
2015-12-27,16.174,10.351,22.572
2015-12-28,16.454,10.377,22.588
2015-12-29,16.805,10.632,23.495
2015-12-30,16.75,10.981,23.192
2015-12-31,16.758,11.267,23.006
2016-01-01,15.664,10.238,21.955
2016-01-02,14.831,10.174,20.18
2016-01-03,15.285,10.588,20.77
2016-01-04,15.368,11.438,20.261
2016-01-05,15.324,10.742,20.668
2016-01-06,15.718,12.086,21.124
2016-01-07,15.758,11.114,21.703
2016-01-08,16.297,13.358,20.742
2016-01-09,16.461,13.566,21.327
2016-01-10,15.954,11.796,21.403
2016-01-11,15.53,11.211,20.661
2016-01-12,16.111,11.586,22.009
2016-01-13,15.74,12.365,20.001
2016-01-14,15.957,12.304,20.881
2016-01-15,16.848,12.94,22.679
2016-01-16,16.607,11.745,22.573
2016-01-17,16.893,11.661,22.717
2016-01-18,16.231,11.27,21.784
2016-01-19,15.728,10.811,21.846
2016-01-20,16.132,11.243,22.015
2016-01-21,16.572,11.236,22.357
2016-01-22,16.884,13.04,22.828
2016-01-23,17.091,12.851,22.639
2016-01-24,16.784,14.032,20.866
2016-01-25,15.523,13.657,18.45
2016-01-26,16.106,12.351,21.654
2016-01-27,16.495,12.95,21.684
2016-01-28,16.192,12.943,20.772
2016-01-29,15.717,12.977,19.926
2016-01-30,14.949,11.516,19.793
2016-01-31,15.119,10.814,20.742
2016-02-01,16.057,12.654,21.214
2016-02-02,16.446,12.616,21.945
2016-02-03,16.069,13.193,20.177
2016-02-04,15.623,12.115,20.079
2016-02-05,14.914,11.866,19.432
2016-02-06,16.322,11.446,22.794
2016-02-07,16.0,10.023,22.117
2016-02-08,16.205,12.744,20.71
2016-02-09,15.439,10.588,20.916
2016-02-10,16.449,10.965,21.803
2016-02-11,16.229,10.18,22.477
2016-02-12,16.429,13.832,21.218
2016-02-13,16.302,13.499,21.254
2016-02-14,16.511,13.894,21.488
2016-02-15,16.333,11.096,21.703
2016-02-16,16.264,10.635,23.143
2016-02-17,16.633,12.576,21.786
2016-02-18,16.921,13.297,22.514
2016-02-19,17.323,13.582,22.953
2016-02-20,17.042,14.311,21.516
2016-02-21,15.723,12.444,20.972
2016-02-22,15.978,12.79,20.894
2016-02-23,15.894,10.867,22.356
2016-02-24,15.89,11.919,21.407
2016-02-25,15.795,12.006,21.166
2016-02-26,16.069,13.488,20.053
2016-02-27,16.804,13.015,22.399
2016-02-28,16.862,13.93,21.79
2016-02-29,17.076,13.363,22.653
2016-03-01,16.969,12.674,22.115
2016-03-02,16.73,13.935,21.42
2016-03-03,16.723,12.956,22.026
2016-03-04,16.735,13.699,21.845
2016-03-05,16.831,12.447,22.613
2016-03-06,15.419,12.901,18.59
2016-03-07,15.06,11.335,20.54
2016-03-08,15.501,12.543,20.367
2016-03-09,15.41,10.692,21.725
2016-03-10,15.52,10.824,21.479
2016-03-11,15.64,11.776,20.623
2016-03-12,16.104,12.312,21.755
2016-03-13,16.168,13.226,20.319
2016-03-14,16.058,12.513,21.158
2016-03-15,15.98,12.557,20.712
2016-03-16,16.311,12.744,22.062
2016-03-17,15.915,12.522,20.861
2016-03-18,15.805,11.367,21.121
2016-03-19,16.195,11.647,21.643
2016-03-20,16.45,10.476,22.236
2016-03-21,16.671,10.57,22.841
2016-03-22,17.066,11.688,22.887
2016-03-23,16.55,9.716,24.535
2016-03-24,17.582,11.905,24.012
2016-03-25,18.282,14.272,24.578
2016-03-26,18.396,14.115,24.271
2016-03-27,17.69,12.949,23.577
2016-03-28,16.75,12.831,22.154
2016-03-29,16.666,12.601,22.145
2016-03-30,16.935,13.563,21.858
2016-03-31,16.143,12.738,20.904
2016-04-01,16.534,12.833,21.065
2016-04-02,15.491,12.26,20.171
2016-04-03,15.499,12.763,20.851
2016-04-04,15.792,13.549,20.244
2016-04-05,15.987,13.296,20.879
2016-04-06,16.213,13.414,21.02
2016-04-07,15.84,11.822,21.407
2016-04-08,16.487,11.935,22.239
2016-04-09,16.315,12.682,21.037
2016-04-10,16.191,12.006,21.471
2016-04-11,16.135,12.639,20.947
2016-04-12,15.445,13.148,19.223
2016-04-13,15.068,11.68,19.898
2016-04-14,15.633,11.297,20.92
2016-04-15,16.554,12.205,22.617
2016-04-16,16.543,12.528,21.626
2016-04-17,15.864,12.695,19.896
2016-04-18,15.894,10.998,21.83
2016-04-19,15.744,10.748,22.027
2016-04-20,15.767,10.838,22.416
2016-04-21,15.675,11.203,20.533
2016-04-22,15.9,12.2,20.009
2016-04-23,15.376,10.736,20.39
2016-04-24,15.214,11.95,19.801
2016-04-25,15.18,11.355,20.461
2016-04-26,15.728,11.391,22.056
2016-04-27,15.521,11.391,20.865
2016-04-28,15.314,10.967,21.112
2016-04-29,15.519,13.219,19.378
2016-04-30,15.543,11.616,20.49
2016-05-01,15.072,13.042,18.091
2016-05-02,14.762,11.565,19.201
2016-05-03,14.343,10.036,19.563
2016-05-04,15.186,12.417,19.933
2016-05-05,15.525,11.136,21.115
2016-05-06,15.211,11.605,19.648
2016-05-07,15.265,12.058,20.567
2016-05-08,15.212,11.977,20.561
2016-05-09,15.067,11.388,20.442
2016-05-10,14.719,12.206,19.049
2016-05-11,14.263,10.237,19.46
2016-05-12,15.39,11.353,21.557
2016-05-13,15.407,10.299,21.973
2016-05-14,15.131,10.464,19.845
2016-05-15,15.506,10.689,21.336
2016-05-16,15.286,10.291,21.198
2016-05-17,15.764,10.421,22.282
2016-05-18,15.125,10.254,20.286
2016-05-19,15.366,11.568,20.388
2016-05-20,15.596,11.125,20.262
2016-05-21,16.403,11.385,22.472
2016-05-22,16.111,11.805,20.995
2016-05-23,16.191,11.337,21.767
2016-05-24,15.725,11.342,20.55
2016-05-25,15.258,11.046,21.017
2016-05-26,15.222,12.433,18.107
2016-05-27,15.3,11.044,20.701
2016-05-28,14.901,11.539,18.923
2016-05-29,14.371,11.492,18.442
2016-05-30,14.88,10.811,20.009
2016-05-31,15.475,11.949,20.742
2016-06-01,14.805,11.492,19.971
2016-06-02,14.661,10.823,19.656
2016-06-03,14.699,10.322,20.25
2016-06-04,15.041,10.312,20.655
2016-06-05,15.925,9.877,22.849
2016-06-06,15.457,10.074,21.153
2016-06-07,14.233,10.709,19.282
2016-06-08,14.462,10.228,20.198
2016-06-09,14.36,8.874,20.687
2016-06-10,14.393,10.184,18.432
2016-06-11,14.864,9.446,20.053
2016-06-12,15.055,9.707,20.722
2016-06-13,14.45,10.378,19.615
2016-06-14,13.94,9.88,19.062
2016-06-15,13.705,9.287,17.969
2016-06-16,14.007,7.527,21.05
2016-06-17,15.028,9.135,21.586
2016-06-18,14.821,10.526,20.584
2016-06-19,15.03,11.52,19.328
2016-06-20,14.446,11.2,18.242
2016-06-21,13.946,8.897,18.245
2016-06-22,14.402,9.092,21.212
2016-06-23,14.707,9.068,20.321
2016-06-24,14.793,10.433,20.15
2016-06-25,14.192,9.743,19.332
2016-06-26,14.447,9.468,20.152
2016-06-27,15.066,9.175,22.542
2016-06-28,15.343,9.398,21.765
2016-06-29,15.47,9.667,21.755
2016-06-30,15.048,11.015,20.168
2016-07-01,15.105,11.15,20.908
2016-07-02,14.458,10.066,20.137
2016-07-03,14.721,10.841,18.822
2016-07-04,14.914,9.51,20.916
2016-07-05,14.832,11.497,18.407
2016-07-06,14.514,11.18,18.049
2016-07-07,15.265,10.478,21.422
2016-07-08,14.824,8.362,21.411
2016-07-09,15.027,7.712,22.694
2016-07-10,15.259,9.388,21.137
2016-07-11,14.316,9.238,20.278
2016-07-12,14.681,9.617,20.704
2016-07-13,14.619,9.509,20.256
2016-07-14,14.787,11.428,18.981
2016-07-15,14.279,9.496,19.866
2016-07-16,14.122,11.361,17.673
2016-07-17,14.493,9.187,21.358
2016-07-18,14.38,10.473,19.365
2016-07-19,14.183,9.072,19.663
2016-07-20,14.471,10.125,20.383
2016-07-21,14.084,9.586,19.082
2016-07-22,14.533,9.845,19.389
2016-07-23,14.108,10.057,18.773
2016-07-24,13.891,9.769,19.649
2016-07-25,13.914,8.551,19.226
2016-07-26,14.571,8.478,21.563
2016-07-27,14.392,9.885,19.739
2016-07-28,14.723,9.995,19.856
2016-07-29,14.478,9.869,19.714
2016-07-30,14.563,10.425,19.534
2016-07-31,14.44,9.123,20.598
2016-08-01,14.772,8.968,21.747
2016-08-02,14.914,9.89,19.389
2016-08-03,15.293,11.512,20.324
2016-08-04,14.261,9.513,19.766
2016-08-05,14.539,8.687,20.756
2016-08-06,15.189,8.641,23.183
2016-08-07,15.636,9.951,22.111
2016-08-08,15.486,9.159,21.736
2016-08-09,15.72,10.944,21.973
2016-08-10,15.294,11.352,20.762
2016-08-11,15.09,9.299,22.371
2016-08-12,14.571,9.714,19.536
2016-08-13,15.168,10.141,20.965
2016-08-14,15.079,9.07,22.036
2016-08-15,14.977,9.64,20.601
2016-08-16,15.417,9.417,21.128
2016-08-17,15.669,9.414,22.127
2016-08-18,15.392,10.928,20.834
2016-08-19,15.443,9.861,22.327
2016-08-20,15.044,8.982,22.301
2016-08-21,15.775,8.934,23.869
2016-08-22,15.013,9.766,20.887
2016-08-23,14.513,7.742,22.308
2016-08-24,15.255,10.2,20.875
2016-08-25,14.914,9.621,20.147
2016-08-26,14.703,9.685,20.982
2016-08-27,14.137,8.85,19.285
2016-08-28,14.831,8.965,21.314
2016-08-29,15.503,9.227,22.448
2016-08-30,15.267,10.387,20.69
2016-08-31,15.035,9.963,21.07
2016-09-01,14.46,9.754,20.538
2016-09-02,14.758,10.511,19.996
2016-09-03,14.727,9.925,21.306
2016-09-04,15.039,9.843,21.875
2016-09-05,14.671,10.063,20.019
2016-09-06,14.69,9.107,20.297
2016-09-07,14.759,10.398,21.203
2016-09-08,14.914,11.223,19.937
2016-09-09,14.762,9.035,20.854
2016-09-10,14.633,9.404,19.364
2016-09-11,14.745,10.348,19.806
2016-09-12,14.419,10.595,18.974
2016-09-13,14.417,10.388,19.654
2016-09-14,14.463,10.088,19.16
2016-09-15,14.198,8.563,20.969
2016-09-16,14.793,9.678,20.805
2016-09-17,15.572,9.652,22.238
2016-09-18,15.077,10.308,21.534
2016-09-19,15.31,11.092,21.332
2016-09-20,14.659,9.385,20.94
2016-09-21,14.419,10.182,19.694
2016-09-22,13.865,9.283,19.235
2016-09-23,14.599,8.464,21.101
2016-09-24,14.795,9.386,20.006
2016-09-25,14.917,9.993,19.811
2016-09-26,14.6,10.145,19.476
2016-09-27,14.803,9.6,20.448
2016-09-28,15.336,9.747,21.764
2016-09-29,15.498,10.567,21.964
2016-09-30,15.351,10.312,20.895
2016-10-01,14.623,12.087,17.643
2016-10-02,14.389,11.257,18.193
2016-10-03,14.914,10.188,20.784
2016-10-04,15.264,10.162,21.107
2016-10-05,15.243,10.959,20.664
2016-10-06,14.658,10.456,20.126
2016-10-07,14.355,11.379,18.441
2016-10-08,14.489,11.308,19.189
2016-10-09,14.34,10.48,20.078
2016-10-10,14.424,11.037,18.795
2016-10-11,14.808,10.293,20.203
2016-10-12,14.554,11.525,19.428
2016-10-13,14.979,10.568,20.376
2016-10-14,15.09,11.35,20.21
2016-10-15,15.011,9.671,21.398
2016-10-16,14.985,10.465,20.143
2016-10-17,15.28,10.197,20.866
2016-10-18,15.392,12.186,20.708
2016-10-19,14.861,10.059,20.335
2016-10-20,15.125,10.709,20.223
2016-10-21,15.59,11.763,21.512
2016-10-22,15.429,9.898,21.329
2016-10-23,14.958,9.677,21.158
2016-10-24,14.866,10.093,20.949
2016-10-25,14.599,11.307,19.313
2016-10-26,14.446,11.314,19.254
2016-10-27,14.878,12.418,18.843
2016-10-28,14.652,10.49,21.09
2016-10-29,14.585,12.393,19.226
2016-10-30,14.204,9.689,20.107
2016-10-31,15.327,12.266,20.961
2016-11-01,14.389,11.159,17.864
2016-11-02,14.539,11.217,19.665
2016-11-03,14.841,9.847,21.069
2016-11-04,15.41,12.41,20.457
2016-11-05,14.916,10.101,20.944
2016-11-06,14.624,9.987,20.12
2016-11-07,14.728,11.61,19.082
2016-11-08,14.709,10.417,19.893
2016-11-09,15.685,12.068,21.049
2016-11-10,15.545,11.163,20.504
2016-11-11,14.831,11.682,19.32
2016-11-12,15.054,12.343,19.624
2016-11-13,14.866,10.431,20.04
2016-11-14,14.672,10.618,20.036
2016-11-15,14.013,11.788,18.626
2016-11-16,14.57,10.49,19.748
2016-11-17,14.45,9.834,19.735
2016-11-18,14.231,10.315,18.945
2016-11-19,14.6,12.14,18.398
2016-11-20,14.196,12.428,17.267
2016-11-21,14.279,8.816,19.913
2016-11-22,14.883,9.177,20.551
2016-11-23,15.254,11.438,19.941
2016-11-24,15.437,12.383,20.308
2016-11-25,14.88,11.788,19.009
2016-11-26,14.359,9.777,19.714
2016-11-27,15.032,10.735,20.173
2016-11-28,14.701,11.458,19.797
2016-11-29,14.759,11.813,20.171
2016-11-30,14.817,11.994,18.701
2016-12-01,14.611,11.913,19.544
2016-12-02,14.392,11.548,18.161
2016-12-03,14.129,11.994,17.747
2016-12-04,14.334,11.009,19.378
2016-12-05,14.583,10.002,19.967
2016-12-06,14.352,9.988,19.804
2016-12-07,14.46,10.434,19.493
2016-12-08,14.364,10.78,18.921
2016-12-09,14.061,10.619,19.396
2016-12-10,14.217,10.878,18.569
2016-12-11,14.087,8.649,19.904
2016-12-12,14.7,10.559,19.823
2016-12-13,14.793,11.106,19.682
2016-12-14,14.881,11.253,20.009
2016-12-15,14.894,10.768,20.436
2016-12-16,15.06,11.28,20.4
2016-12-17,14.278,9.026,20.14
2016-12-18,14.713,9.048,20.474
2016-12-19,15.03,9.818,20.487
2016-12-20,14.697,10.99,19.703
2016-12-21,14.415,11.054,19.302
2016-12-22,13.988,10.572,18.52
2016-12-23,14.329,11.132,18.77
2016-12-24,14.919,11.647,19.514
2016-12-25,14.464,11.135,19.166
2016-12-26,14.778,11.264,19.124
2016-12-27,14.55,11.96,18.552
2016-12-28,14.518,10.314,20.225
2016-12-29,15.493,12.721,19.784
2016-12-30,15.047,11.666,19.513
2016-12-31,14.25,10.754,18.203
2017-01-01,14.68,10.757,19.617
2017-01-02,15.092,8.58,21.05
2017-01-03,15.462,9.583,21.572
2017-01-04,15.112,10.614,19.627
2017-01-05,14.799,10.568,20.309
2017-01-06,14.437,9.717,19.965
2017-01-07,14.807,10.946,20.109
2017-01-08,14.714,12.764,18.005
2017-01-09,13.652,11.415,17.939
2017-01-10,13.712,10.659,18.275
2017-01-11,14.446,12.439,18.632
2017-01-12,14.357,12.05,18.479
2017-01-13,14.712,11.841,19.232
2017-01-14,14.496,11.453,18.879
2017-01-15,14.445,11.218,19.394
2017-01-16,14.208,10.421,19.275
2017-01-17,14.344,10.544,19.199
2017-01-18,14.315,11.095,18.676
2017-01-19,14.485,9.983,19.693
2017-01-20,14.722,10.528,19.41
2017-01-21,14.126,10.059,19.113
2017-01-22,13.282,7.451,19.271
2017-01-23,13.279,6.392,19.653
2017-01-24,13.864,7.526,20.01
2017-01-25,14.54,11.279,19.332
2017-01-26,14.709,8.817,20.589
2017-01-27,14.833,9.718,21.005
2017-01-28,15.29,10.875,20.816
2017-01-29,15.324,9.704,21.375
2017-01-30,15.156,11.849,19.632
2017-01-31,14.795,11.563,20.313
2017-02-01,14.87,11.599,20.354
2017-02-02,14.706,10.113,20.408
2017-02-03,15.175,10.513,20.961
2017-02-04,15.453,10.116,21.125
2017-02-05,15.894,8.991,22.937
2017-02-06,15.641,8.844,22.995
2017-02-07,15.87,8.509,23.761
2017-02-08,15.992,8.606,23.935
2017-02-09,15.35,9.938,21.282
2017-02-10,14.941,11.013,19.854
2017-02-11,15.37,9.936,21.023
2017-02-12,15.194,10.301,20.057
2017-02-13,13.747,9.303,18.793
2017-02-14,14.201,9.017,20.053
2017-02-15,15.021,9.417,20.411
2017-02-16,14.806,8.784,20.03
2017-02-17,14.296,8.205,19.65
2017-02-18,14.841,9.958,20.888
2017-02-19,15.311,11.267,20.411
2017-02-20,15.684,11.889,21.166
2017-02-21,15.621,11.062,21.175
2017-02-22,15.101,10.407,21.187
2017-02-23,14.837,9.745,19.939
2017-02-24,14.911,9.84,20.197
2017-02-25,14.868,9.793,20.681
2017-02-26,13.964,10.506,18.495
2017-02-27,14.127,10.628,20.566
2017-02-28,14.127,9.654,19.399
2017-03-01,14.114,10.024,19.866
2017-03-02,14.322,9.284,20.144
2017-03-03,14.556,10.411,20.134
2017-03-04,14.854,9.133,20.948
2017-03-05,14.655,11.215,19.975
2017-03-06,14.67,10.536,21.109
2017-03-07,14.779,11.037,19.57
2017-03-08,14.261,11.721,18.754
2017-03-09,14.26,10.527,19.267
2017-03-10,14.791,11.574,19.768
2017-03-11,14.597,11.479,19.901
2017-03-12,13.928,11.471,17.957
2017-03-13,14.227,10.003,19.635
2017-03-14,14.293,10.252,19.601
2017-03-15,14.074,10.574,19.429
2017-03-16,14.549,11.399,19.628
2017-03-17,14.663,11.784,18.811
2017-03-18,14.658,11.047,19.616
2017-03-19,14.755,10.044,20.06
2017-03-20,14.681,9.882,19.735
2017-03-21,14.811,12.027,19.565
2017-03-22,14.893,12.42,18.64
2017-03-23,14.539,11.114,19.275
2017-03-24,14.556,11.632,19.707
2017-03-25,14.613,11.04,19.935
2017-03-26,14.855,11.885,19.451
2017-03-27,14.471,10.74,20.125
2017-03-28,15.083,10.388,19.74
2017-03-29,14.874,11.194,20.053
2017-03-30,14.788,12.094,19.11
2017-03-31,14.525,10.709,19.193
2017-04-01,14.976,9.645,20.844
2017-04-02,15.284,8.174,21.704
2017-04-03,15.82,8.67,22.516
2017-04-04,16.55,11.455,23.223
2017-04-05,16.614,10.669,22.984
2017-04-06,16.067,8.72,22.814
2017-04-07,16.015,11.074,21.41
2017-04-08,15.445,11.032,20.823
2017-04-09,14.517,11.355,19.702
2017-04-10,14.841,11.061,20.187
2017-04-11,15.019,11.374,20.132
2017-04-12,15.21,12.532,19.918
2017-04-13,15.028,11.114,20.945
2017-04-14,14.91,12.066,18.736
2017-04-15,15.417,10.682,21.827
2017-04-16,14.924,9.859,20.478
2017-04-17,14.779,12.19,18.541
2017-04-18,15.011,10.168,20.442
2017-04-19,14.809,11.308,19.623
2017-04-20,14.928,11.485,19.349
2017-04-21,14.506,11.583,19.285
2017-04-22,15.237,9.516,20.053
2017-04-23,15.654,10.648,21.252
2017-04-24,15.161,11.796,19.529
2017-04-25,15.557,11.785,19.953
2017-04-26,15.028,11.71,19.426
2017-04-27,15.515,10.116,21.177
2017-04-28,15.618,9.883,22.051
2017-04-29,15.781,11.231,21.361
2017-04-30,15.033,12.953,18.372
2017-05-01,14.959,12.103,19.368
2017-05-02,14.894,11.447,19.257
2017-05-03,14.795,12.014,19.761
2017-05-04,15.036,10.624,21.501
2017-05-05,15.394,10.783,20.229
2017-05-06,15.013,12.768,18.607
2017-05-07,14.388,10.145,18.553
2017-05-08,14.937,12.23,18.594
2017-05-09,14.638,11.233,18.487
2017-05-10,15.013,11.845,19.421
2017-05-11,15.157,12.02,19.891
2017-05-12,14.998,12.593,18.475
2017-05-13,14.778,10.08,20.525
2017-05-14,15.925,12.758,21.302
2017-05-15,15.083,11.728,19.734
2017-05-16,15.306,11.481,20.258
2017-05-17,15.414,11.932,20.316
2017-05-18,15.415,9.935,20.993
2017-05-19,16.068,10.664,21.483
2017-05-20,15.112,10.481,20.601
2017-05-21,15.153,10.573,20.355
2017-05-22,14.958,11.128,19.017
2017-05-23,15.178,8.986,21.421
2017-05-24,15.645,9.807,22.247
2017-05-25,15.397,9.255,21.174
2017-05-26,15.162,11.016,20.858
2017-05-27,15.186,11.276,20.222
2017-05-28,15.157,10.127,20.531
2017-05-29,14.64,9.739,19.279
2017-05-30,15.021,10.528,20.517
2017-05-31,15.365,11.348,20.313
2017-06-01,14.912,10.27,21.208
2017-06-02,15.263,10.668,20.013
2017-06-03,16.085,9.673,22.659
2017-06-04,15.718,11.29,20.654
2017-06-05,15.583,11.646,20.851
2017-06-06,15.119,10.057,20.733
2017-06-07,14.711,12.195,18.112
2017-06-08,14.051,12.529,15.907
2017-06-09,14.673,10.743,20.171
2017-06-10,15.386,11.481,20.648
2017-06-11,14.921,11.778,19.199
2017-06-12,14.401,11.919,17.432
2017-06-13,14.936,11.158,19.52
2017-06-14,15.013,10.869,19.89
2017-06-15,14.174,11.048,18.428
2017-06-16,14.109,9.077,19.876
2017-06-17,14.679,11.215,19.157
2017-06-18,15.04,11.361,19.599
2017-06-19,14.897,10.996,19.798
2017-06-20,14.935,11.088,20.227
2017-06-21,14.935,10.939,19.625
2017-06-22,14.0,8.789,19.145
2017-06-23,14.57,10.87,20.141
2017-06-24,15.317,9.095,21.872
2017-06-25,14.858,9.839,20.734
2017-06-26,14.445,11.086,19.047
2017-06-27,14.544,10.274,20.08
2017-06-28,15.246,10.559,20.542
2017-06-29,14.972,10.235,20.258
2017-06-30,14.865,10.838,19.13
2017-07-01,14.761,9.298,21.102
2017-07-02,14.922,9.71,20.722
2017-07-03,14.587,9.151,21.057
2017-07-04,14.75,8.965,20.933
2017-07-05,14.963,8.497,21.655
2017-07-06,15.156,10.983,19.409
2017-07-07,14.469,8.874,20.362
2017-07-08,14.577,10.186,20.023
2017-07-09,14.533,9.047,19.712
2017-07-10,15.035,11.642,18.687
2017-07-11,14.303,10.244,19.525
2017-07-12,14.351,11.187,17.304
2017-07-13,14.642,10.313,20.706
2017-07-14,14.215,9.833,19.098
2017-07-15,14.614,9.885,19.508
2017-07-16,15.156,10.236,20.826
2017-07-17,14.987,9.737,20.469
2017-07-18,14.815,9.294,20.479
2017-07-19,14.779,9.355,20.046
2017-07-20,14.43,10.903,18.497
2017-07-21,14.745,10.386,20.712
2017-07-22,14.039,8.48,20.069
2017-07-23,15.098,11.705,20.089
2017-07-24,14.497,8.779,20.692
2017-07-25,15.271,10.643,21.87
2017-07-26,14.736,9.766,20.464
2017-07-27,14.173,9.228,21.024
2017-07-28,15.169,10.462,20.793
2017-07-29,14.893,11.257,20.381
2017-07-30,14.811,11.554,18.808
2017-07-31,13.757,10.4,18.04
2017-08-01,14.311,10.979,18.835
2017-08-02,14.338,9.407,19.849
2017-08-03,14.822,9.017,20.539
2017-08-04,14.957,10.533,20.178
2017-08-05,14.583,9.098,19.5
2017-08-06,15.257,9.411,21.418
2017-08-07,15.539,9.977,21.5
2017-08-08,14.882,9.166,21.562
2017-08-09,15.049,9.804,21.463
2017-08-10,14.714,8.83,21.198
2017-08-11,15.579,10.82,20.81
2017-08-12,14.895,11.166,18.858
2017-08-13,14.894,9.961,19.62
2017-08-14,15.518,9.474,22.378
2017-08-15,16.047,12.022,21.422
2017-08-16,15.166,10.432,20.455
2017-08-17,15.25,8.887,21.336
2017-08-18,15.587,11.079,20.955
2017-08-19,14.719,10.868,19.303
2017-08-20,14.648,11.703,19.067
2017-08-21,14.815,9.058,20.32
2017-08-22,14.954,9.395,21.058
2017-08-23,14.377,8.646,21.338
2017-08-24,13.933,8.546,19.232
2017-08-25,14.493,9.012,20.908
2017-08-26,14.868,8.976,21.159
2017-08-27,14.596,9.707,20.458
2017-08-28,14.953,9.801,19.918
2017-08-29,15.009,11.697,19.859
2017-08-30,14.232,8.479,20.523
2017-08-31,14.601,8.08,21.799
2017-09-01,14.5,7.699,21.955
2017-09-02,15.041,10.125,21.411
2017-09-03,14.823,9.474,20.616
2017-09-04,14.403,9.485,20.881
2017-09-05,15.074,10.692,21.008
2017-09-06,15.095,8.963,21.784
2017-09-07,15.068,9.733,21.0
2017-09-08,14.563,12.224,18.147
2017-09-09,14.51,10.84,19.189
2017-09-10,14.248,9.686,19.838
2017-09-11,15.457,8.908,21.961
2017-09-12,15.229,10.022,20.814
2017-09-13,14.928,9.829,19.993
2017-09-14,15.266,10.075,21.634
2017-09-15,15.347,11.721,20.178
2017-09-16,15.044,9.32,20.732
2017-09-17,14.689,10.396,19.452
2017-09-18,14.894,9.928,20.42
2017-09-19,15.477,10.708,21.136
2017-09-20,15.778,12.374,20.095
2017-09-21,14.955,9.796,21.021
2017-09-22,15.119,9.188,21.169
2017-09-23,15.132,10.578,20.921
2017-09-24,14.881,9.138,20.634
2017-09-25,15.566,10.319,21.331
2017-09-26,14.19,9.76,20.01
2017-09-27,15.552,11.077,21.793
2017-09-28,14.908,10.123,20.974
2017-09-29,14.6,10.837,19.692
2017-09-30,14.212,11.586,17.463
2017-10-01,14.495,9.556,20.441
2017-10-02,15.249,11.631,19.953
2017-10-03,14.989,11.872,19.623
2017-10-04,14.349,12.103,18.052
2017-10-05,13.943,9.448,19.41
2017-10-06,13.767,10.029,18.224
2017-10-07,14.136,8.964,19.75
2017-10-08,14.262,8.916,21.15
2017-10-09,13.897,8.669,19.599
2017-10-10,14.337,8.149,21.419
2017-10-11,14.75,10.125,19.936
2017-10-12,14.992,9.072,20.707
2017-10-13,15.831,10.089,22.445
2017-10-14,15.461,10.957,20.776
2017-10-15,16.257,11.178,21.75
2017-10-16,15.831,10.642,21.067
2017-10-17,15.936,9.835,23.107
2017-10-18,15.494,9.317,22.232
2017-10-19,15.524,9.452,21.684
2017-10-20,16.272,12.142,20.609
2017-10-21,15.768,12.407,21.452
2017-10-22,15.39,12.043,19.482
2017-10-23,14.676,10.554,18.822
2017-10-24,14.723,11.046,19.426
2017-10-25,14.643,11.304,18.987
2017-10-26,14.362,11.065,18.446
2017-10-27,15.03,9.955,21.489
2017-10-28,14.974,11.78,18.457
2017-10-29,13.3,11.214,15.613
2017-10-30,13.73,10.314,18.724
2017-10-31,14.634,11.965,18.579
2017-11-01,14.679,10.723,20.452
2017-11-02,14.939,11.394,20.605
2017-11-03,14.779,10.767,20.388
2017-11-04,14.953,12.317,19.757
2017-11-05,14.326,10.457,18.724
2017-11-06,14.796,10.078,20.789
2017-11-07,14.767,10.78,19.795
2017-11-08,15.293,11.206,20.497
2017-11-09,15.023,11.05,19.966
2017-11-10,14.671,10.783,19.321
2017-11-11,14.816,11.18,20.709
2017-11-12,15.541,10.515,21.332
2017-11-13,16.047,12.449,21.41
2017-11-14,14.817,11.056,19.912
2017-11-15,14.662,11.345,19.29
2017-11-16,14.901,11.697,19.087
2017-11-17,14.842,12.22,18.878
2017-11-18,14.636,11.214,18.762
2017-11-19,14.719,11.132,19.227
2017-11-20,14.923,12.594,19.338
2017-11-21,14.771,10.393,19.875
2017-11-22,14.46,10.005,19.832
2017-11-23,14.457,10.281,19.988
2017-11-24,14.567,10.766,19.903
2017-11-25,14.64,11.855,18.45
2017-11-26,15.151,10.272,20.705
2017-11-27,15.315,9.205,21.321
2017-11-28,15.819,10.654,21.527
2017-11-29,16.007,11.038,21.424
2017-11-30,14.993,10.505,19.842
2017-12-01,14.875,10.926,19.896
2017-12-02,14.971,12.108,19.545
2017-12-03,14.729,10.177,20.085
2017-12-04,15.355,10.633,20.474
2017-12-05,15.067,9.151,20.902
2017-12-06,15.048,8.961,22.149
2017-12-07,14.917,9.889,20.039
2017-12-08,14.936,9.88,20.8
2017-12-09,15.004,11.038,20.837
2017-12-10,14.527,10.034,19.906
2017-12-11,14.412,10.951,18.492
2017-12-12,14.314,10.846,18.617
2017-12-13,14.882,10.742,20.564
2017-12-14,15.409,11.198,22.031
2017-12-15,14.946,9.105,20.863
2017-12-16,15.528,10.995,21.148
2017-12-17,15.308,9.354,21.438
2017-12-18,15.029,9.581,21.636
2017-12-19,15.027,10.068,21.407
2017-12-20,14.612,8.072,21.054
2017-12-21,15.16,9.152,21.218
2017-12-22,15.095,9.286,20.813
2017-12-23,15.309,10.193,21.533
2017-12-24,14.506,8.568,20.117
2017-12-25,14.026,9.91,18.143
2017-12-26,14.191,10.252,19.066
2017-12-27,14.857,10.701,19.791
2017-12-28,15.22,11.776,19.609
2017-12-29,14.938,11.745,19.456
2017-12-30,14.051,11.6,17.445
2017-12-31,14.425,11.508,18.799
2018-01-01,14.394,11.339,19.011
2018-01-02,13.898,10.521,18.777
2018-01-03,14.094,10.71,18.549
2018-01-04,14.055,8.745,19.421
2018-01-05,14.612,10.897,19.627
2018-01-06,14.014,10.751,18.771
2018-01-07,14.217,10.414,18.945
2018-01-08,14.415,8.991,19.807
2018-01-09,14.505,10.777,18.789
2018-01-10,14.582,11.419,19.832
2018-01-11,13.849,9.82,19.277
2018-01-12,13.69,9.836,18.822
2018-01-13,13.529,9.645,18.311
2018-01-14,13.771,10.523,18.117
2018-01-15,14.178,11.285,18.536
2018-01-16,14.139,10.242,19.363
2018-01-17,13.847,10.051,18.936
2018-01-18,13.454,9.255,17.956
2018-01-19,14.158,9.243,20.102
2018-01-20,14.238,7.545,21.332
2018-01-21,14.509,8.08,21.329
2018-01-22,14.719,8.266,21.526
2018-01-23,14.72,8.311,21.409
2018-01-24,15.322,9.701,21.147
2018-01-25,15.407,9.625,21.915
2018-01-26,15.844,12.724,21.099
2018-01-27,15.519,10.803,21.288
2018-01-28,16.012,12.586,20.976
2018-01-29,16.183,12.177,21.658
2018-01-30,15.677,12.047,20.154
2018-01-31,15.833,11.878,21.528
2018-02-01,15.899,9.899,21.819
2018-02-02,15.667,12.347,20.416
2018-02-03,15.223,11.597,20.246
2018-02-04,15.623,11.297,21.069
2018-02-05,16.138,12.766,21.1
2018-02-06,15.685,11.445,21.284
2018-02-07,15.761,11.909,20.86
2018-02-08,15.633,11.16,20.733
2018-02-09,15.519,10.996,21.042
2018-02-10,15.966,12.269,21.248
2018-02-11,15.303,12.155,19.694
2018-02-12,14.836,11.938,18.955
2018-02-13,15.103,11.419,19.681
2018-02-14,15.001,12.336,19.802
2018-02-15,15.167,12.508,19.766
2018-02-16,15.394,11.8,20.155
2018-02-17,15.309,12.032,19.912
2018-02-18,14.929,10.818,19.961
2018-02-19,15.178,9.354,21.33
2018-02-20,15.343,10.643,21.346
2018-02-21,15.228,9.535,21.558
2018-02-22,15.082,9.367,20.663
2018-02-23,14.41,8.851,19.335
2018-02-24,13.971,8.519,19.057
2018-02-25,13.651,8.15,19.057
2018-02-26,13.582,8.434,19.057
2018-02-27,13.807,7.361,20.023
2018-02-28,14.498,9.194,20.647
2018-03-01,14.618,9.599,20.594
2018-03-02,14.956,11.125,19.829
2018-03-03,15.476,11.923,20.799
2018-03-04,15.332,11.54,20.776
2018-03-05,14.141,10.146,18.908
2018-03-06,14.531,11.453,19.845
2018-03-07,14.796,9.235,21.292
2018-03-08,14.705,10.463,20.132
2018-03-09,15.507,8.947,22.527
2018-03-10,16.809,10.27,23.898
2018-03-11,16.384,8.728,24.564
2018-03-12,16.694,9.921,24.476
2018-03-13,16.34,11.68,22.366
2018-03-14,16.07,9.151,23.467
2018-03-15,15.822,11.39,21.166
2018-03-16,15.168,8.806,21.901
2018-03-17,15.692,9.81,22.05
2018-03-18,14.937,9.39,20.938
2018-03-19,14.48,10.034,20.367
2018-03-20,15.463,12.07,21.007
2018-03-21,15.516,11.361,22.258
2018-03-22,15.663,11.181,21.02
2018-03-23,14.476,10.652,19.356
2018-03-24,14.811,10.846,19.751
2018-03-25,15.2,10.865,20.027
2018-03-26,15.263,10.564,20.713
2018-03-27,15.345,9.642,20.885
2018-03-28,14.655,10.458,20.512
2018-03-29,14.359,11.14,18.636
2018-03-30,13.967,9.467,19.274
2018-03-31,14.277,10.553,19.433
2018-04-01,14.198,11.222,18.944
2018-04-02,14.354,10.53,19.357
2018-04-03,14.31,10.979,18.943
2018-04-04,14.396,11.192,18.454
2018-04-05,13.57,9.103,18.799
2018-04-06,13.044,11.079,16.208
2018-04-07,13.238,9.69,17.54
2018-04-08,14.531,9.327,19.749
2018-04-09,14.64,10.09,19.371
2018-04-10,14.594,11.709,19.356
2018-04-11,14.676,11.336,19.903
2018-04-12,14.277,11.341,18.93
2018-04-13,14.332,9.31,19.856
2018-04-14,14.519,10.849,18.832
2018-04-15,14.86,10.073,20.068
2018-04-16,15.016,11.494,19.977
2018-04-17,14.622,11.16,20.188
2018-04-18,14.347,10.327,19.65
2018-04-19,15.44,11.63,20.713
2018-04-20,14.086,9.237,19.064
2018-04-21,14.625,9.518,20.361
2018-04-22,14.693,9.826,20.367
2018-04-23,14.639,9.397,20.484
2018-04-24,15.172,10.893,20.652
2018-04-25,14.668,9.859,20.388
2018-04-26,14.701,10.796,18.934
2018-04-27,14.9,12.924,18.471
2018-04-28,14.777,11.569,19.179
2018-04-29,14.608,12.22,18.869
2018-04-30,14.689,9.177,20.284
2018-05-01,14.88,9.888,19.364
2018-05-02,14.893,11.926,20.516
2018-05-03,14.853,9.921,21.242
2018-05-04,14.427,11.678,17.721
2018-05-05,14.674,11.145,19.548
2018-05-06,14.599,11.266,20.155
2018-05-07,14.304,11.69,17.906
2018-05-08,14.313,12.737,17.395
2018-05-09,14.236,10.764,19.302
2018-05-10,14.265,10.913,18.456
2018-05-11,14.549,11.384,18.694
2018-05-12,14.771,10.415,19.72
2018-05-13,14.277,10.984,18.143
2018-05-14,14.124,10.241,18.262
2018-05-15,14.454,11.859,18.612
2018-05-16,14.743,9.49,21.041
2018-05-17,14.695,10.177,20.114
2018-05-18,14.984,10.348,20.55
2018-05-19,14.302,10.342,19.42
2018-05-20,14.339,9.552,20.172
2018-05-21,14.467,11.584,18.136
2018-05-22,14.421,10.374,19.466
2018-05-23,14.677,10.924,18.981
2018-05-24,14.356,9.583,19.461
2018-05-25,15.202,10.881,20.537
2018-05-26,15.36,11.44,20.978
2018-05-27,14.495,11.646,18.069
2018-05-28,14.688,11.065,18.163
2018-05-29,15.271,12.644,19.445
2018-05-30,14.761,10.475,20.265
2018-05-31,14.898,10.342,20.019
2018-06-01,15.165,10.133,20.699
2018-06-02,14.562,9.751,20.254
2018-06-03,15.195,10.497,19.775
2018-06-04,15.007,10.049,20.091
2018-06-05,14.392,8.986,19.666
2018-06-06,14.959,9.39,19.793
2018-06-07,15.672,9.642,22.554
2018-06-08,15.535,10.879,20.524
2018-06-09,15.444,10.722,21.644
2018-06-10,14.98,10.15,19.951
2018-06-11,14.614,11.706,18.155
2018-06-12,14.705,9.836,19.881
2018-06-13,15.17,10.176,20.364
2018-06-14,15.071,11.882,19.705
2018-06-15,14.695,11.578,18.835
2018-06-16,14.628,10.119,19.154
2018-06-17,14.656,9.132,20.853
2018-06-18,14.275,10.042,20.127
2018-06-19,13.92,8.615,20.374
2018-06-20,13.461,7.957,19.117
2018-06-21,13.633,8.338,19.709
2018-06-22,13.989,8.91,19.953
2018-06-23,14.276,9.297,20.027
2018-06-24,14.341,9.602,18.406
2018-06-25,14.155,9.496,18.989
2018-06-26,14.207,9.016,20.905
2018-06-27,14.335,9.328,19.113
2018-06-28,14.381,9.675,19.244
2018-06-29,14.595,11.829,18.576
2018-06-30,14.116,9.118,18.944
2018-07-01,14.556,9.514,19.723
2018-07-02,14.389,9.804,19.324
2018-07-03,14.146,10.188,19.369
2018-07-04,14.796,8.665,21.016
2018-07-05,14.866,9.434,20.554
2018-07-06,14.465,9.886,19.574
2018-07-07,14.426,10.428,19.867
2018-07-08,15.291,9.545,21.122
2018-07-09,15.396,10.193,21.335
2018-07-10,14.817,9.631,20.151
2018-07-11,14.352,8.734,18.523
2018-07-12,15.142,9.45,20.297
2018-07-13,14.923,8.314,21.224
2018-07-14,15.045,8.901,21.64
2018-07-15,15.3,9.543,21.002
2018-07-16,15.081,8.804,21.738
2018-07-17,15.365,10.189,20.445
2018-07-18,15.547,8.986,22.296
2018-07-19,15.305,10.51,19.873
2018-07-20,15.055,9.681,21.354
2018-07-21,15.06,11.298,20.415
2018-07-22,14.753,8.947,22.039
2018-07-23,14.704,10.747,19.645
2018-07-24,14.535,12.084,17.829
2018-07-25,14.927,10.258,20.147
2018-07-26,14.312,9.288,18.792
2018-07-27,14.22,9.765,20.259
2018-07-28,13.846,8.8,19.09
2018-07-29,14.725,10.23,20.299
2018-07-30,14.12,10.072,19.276
2018-07-31,14.53,10.098,20.899
2018-08-01,14.709,11.076,19.253
2018-08-02,14.422,9.099,19.798
2018-08-03,14.729,9.258,20.915
2018-08-04,14.105,10.023,18.748
2018-08-05,14.277,9.974,19.831
2018-08-06,15.584,8.998,23.193
2018-08-07,15.169,8.545,22.466
2018-08-08,14.891,8.44,21.928
2018-08-09,14.864,8.675,20.693
2018-08-10,14.66,8.077,22.444
2018-08-11,15.026,8.218,22.233
2018-08-12,14.831,9.248,21.283
2018-08-13,14.753,9.472,20.505
2018-08-14,14.424,11.815,18.475
2018-08-15,14.37,10.534,19.003
2018-08-16,14.805,8.066,21.566
2018-08-17,14.944,10.255,20.977
2018-08-18,14.497,8.99,20.673
2018-08-19,14.261,8.577,19.864
2018-08-20,14.508,7.77,21.186
2018-08-21,15.154,9.372,20.605
2018-08-22,14.421,8.641,21.025
2018-08-23,14.134,8.178,19.467
2018-08-24,14.441,9.125,20.741
2018-08-25,14.979,9.315,21.758
2018-08-26,14.371,8.43,20.552
2018-08-27,14.843,8.929,21.655
2018-08-28,14.492,9.007,20.212
2018-08-29,14.169,9.149,19.192
2018-08-30,14.658,9.056,20.768
2018-08-31,15.181,9.864,22.263
2018-09-01,15.499,9.298,21.572
2018-09-02,15.435,9.692,21.434
2018-09-03,15.11,9.788,20.441
2018-09-04,14.379,10.491,20.076
2018-09-05,14.175,9.178,19.424
2018-09-06,14.375,11.687,18.439
2018-09-07,14.55,11.924,17.75
2018-09-08,14.067,9.767,19.96
2018-09-09,13.965,9.021,21.349
2018-09-10,14.377,8.951,20.658
2018-09-11,15.116,11.445,20.339
2018-09-12,14.772,11.607,18.853
2018-09-13,14.701,11.255,20.183
2018-09-14,14.379,10.282,19.734
2018-09-15,14.27,9.677,20.068
2018-09-16,14.639,11.009,19.163
2018-09-17,14.568,8.531,21.48
2018-09-18,15.159,10.271,21.265
2018-09-19,15.04,9.798,21.476
2018-09-20,15.34,9.066,22.932
2018-09-21,15.414,9.227,22.667
2018-09-22,15.269,9.939,21.439
2018-09-23,14.575,10.37,19.952
2018-09-24,14.833,10.028,20.462
2018-09-25,14.52,9.24,20.827
2018-09-26,14.458,9.62,19.281
2018-09-27,14.378,10.823,19.728
2018-09-28,14.663,10.927,19.933
2018-09-29,15.165,10.264,21.183
2018-09-30,15.044,9.924,21.873
2018-10-01,14.852,10.544,19.128
2018-10-02,15.232,11.712,21.622
2018-10-03,14.819,10.541,21.163
2018-10-04,14.957,11.924,19.19
2018-10-05,14.976,11.169,19.293
2018-10-06,14.19,12.619,17.071
2018-10-07,14.456,11.616,19.533
2018-10-08,14.909,10.87,20.586
2018-10-09,14.641,10.965,19.51
2018-10-10,14.428,10.768,19.528
2018-10-11,14.25,11.656,18.88
2018-10-12,14.117,12.039,17.075
2018-10-13,14.324,11.103,19.327
2018-10-14,15.263,11.586,20.198
2018-10-15,14.69,11.408,20.201
2018-10-16,14.571,10.162,20.314
2018-10-17,14.601,9.976,19.979
2018-10-18,14.328,9.995,19.282
2018-10-19,14.631,11.489,18.639
2018-10-20,14.971,10.579,19.791
2018-10-21,14.169,12.22,17.23
2018-10-22,13.978,10.592,18.123
2018-10-23,14.434,11.614,18.743
2018-10-24,14.437,9.938,19.691
2018-10-25,14.791,10.802,20.018
2018-10-26,14.711,11.431,19.63
2018-10-27,14.663,9.154,20.562
2018-10-28,14.533,8.838,20.177
2018-10-29,15.27,9.6,20.947
2018-10-30,15.215,11.721,20.436
2018-10-31,15.235,10.094,21.027
2018-11-01,15.191,9.57,20.839
2018-11-02,14.095,11.02,18.353
2018-11-03,13.871,10.185,18.731
2018-11-04,13.716,9.211,19.803
2018-11-05,14.244,10.869,18.805
2018-11-06,14.446,9.562,20.0
2018-11-07,14.579,9.694,19.521
2018-11-08,15.201,11.179,20.314
2018-11-09,14.649,11.103,17.922
2018-11-10,15.039,11.864,19.546
2018-11-11,14.772,11.388,19.463
2018-11-12,14.783,10.236,20.142
2018-11-13,14.895,11.592,19.421
2018-11-14,15.115,10.763,20.075
2018-11-15,14.7,9.59,19.324
2018-11-16,15.453,11.767,20.291
2018-11-17,15.161,10.941,20.29
2018-11-18,14.674,11.164,19.083
2018-11-19,14.797,10.831,20.001
2018-11-20,15.131,10.882,20.573
2018-11-21,15.461,10.765,20.661
2018-11-22,14.728,9.911,19.568
2018-11-23,15.368,11.926,19.965
2018-11-24,15.86,11.618,20.958
2018-11-25,15.651,11.338,20.103
2018-11-26,15.448,10.635,20.417
2018-11-27,14.867,11.215,19.541
2018-11-28,14.318,10.844,18.1
2018-11-29,15.039,11.059,19.839
2018-11-30,15.13,12.649,19.53
2018-12-01,13.893,11.227,18.097
2018-12-02,14.271,8.936,20.259
2018-12-03,14.102,7.542,19.932
2018-12-04,14.182,9.315,19.528
2018-12-05,13.903,7.861,19.625
2018-12-06,14.244,8.892,20.498
2018-12-07,15.156,11.207,20.104
2018-12-08,14.912,10.56,19.911
2018-12-09,15.029,11.183,19.997
2018-12-10,15.456,10.588,21.521
2018-12-11,14.685,9.085,20.894
2018-12-12,14.75,9.892,20.573
2018-12-13,15.042,9.772,20.715
2018-12-14,14.964,10.007,20.462
2018-12-15,14.985,10.317,21.004
2018-12-16,15.471,8.588,22.227
2018-12-17,15.899,10.97,22.002
2018-12-18,15.581,11.618,20.662
2018-12-19,16.035,12.707,21.303
2018-12-20,14.814,8.731,21.341
2018-12-21,14.975,10.477,20.138
2018-12-22,15.172,9.06,21.431
2018-12-23,15.839,11.072,22.04
2018-12-24,15.14,9.065,20.979
2018-12-25,15.794,10.395,21.539
2018-12-26,16.072,10.486,22.406
2018-12-27,15.829,9.15,22.621
2018-12-28,15.181,7.841,22.838
2018-12-29,15.111,8.309,22.441
2018-12-30,15.407,9.305,21.724
2018-12-31,15.594,9.237,22.112
2019-01-01,15.701,8.313,23.654
2019-01-02,15.671,7.894,23.827
2019-01-03,15.261,8.278,22.864
2019-01-04,15.541,9.204,22.88
2019-01-05,16.048,9.237,22.984
2019-01-06,16.281,11.879,21.679
2019-01-07,15.054,11.061,20.639
2019-01-08,14.581,9.951,19.89
2019-01-09,14.106,11.01,17.784
2019-01-10,13.52,9.717,18.471
2019-01-11,14.268,9.892,19.389
2019-01-12,14.339,11.209,18.913
2019-01-13,14.361,11.169,19.104
2019-01-14,14.508,10.616,19.667
2019-01-15,14.978,9.972,20.646
2019-01-16,15.351,11.514,20.634
2019-01-17,15.388,12.182,20.037
2019-01-18,15.408,10.098,21.377
2019-01-19,15.405,9.022,22.225
2019-01-20,15.41,8.877,22.67
2019-01-21,15.373,10.017,21.33
2019-01-22,15.911,9.798,23.397
2019-01-23,15.589,8.373,23.633
2019-01-24,16.059,9.69,23.145
2019-01-25,15.719,11.411,20.668
2019-01-26,15.839,10.24,22.705
2019-01-27,16.748,13.052,21.72
2019-01-28,15.236,10.769,20.432
2019-01-29,15.176,9.732,20.587
2019-01-30,15.919,12.151,20.549
2019-01-31,15.948,12.829,20.668
2019-02-01,16.027,12.026,21.548
2019-02-02,16.024,12.403,21.33
2019-02-03,16.559,12.865,21.712
2019-02-04,16.557,12.871,21.762
2019-02-05,16.32,12.05,21.678
2019-02-06,16.308,13.409,21.622
2019-02-07,15.503,11.979,20.763
2019-02-08,15.811,11.797,21.065
2019-02-09,16.088,12.723,20.827
2019-02-10,16.215,12.864,21.206
2019-02-11,16.168,11.412,21.528
2019-02-12,16.914,13.34,22.161
2019-02-13,16.891,12.971,22.39
2019-02-14,16.435,13.023,20.972
2019-02-15,16.602,10.563,23.089
2019-02-16,16.493,13.255,20.934
2019-02-17,15.968,10.982,21.456
2019-02-18,15.522,11.233,21.119
2019-02-19,16.02,13.516,20.433
2019-02-20,15.284,11.261,20.787
2019-02-21,15.806,11.193,22.559
2019-02-22,16.125,10.661,22.474
2019-02-23,15.957,12.263,20.724
2019-02-24,15.442,11.328,21.542
2019-02-25,15.389,9.461,21.489
2019-02-26,15.685,9.608,21.843
2019-02-27,15.669,12.625,20.304
2019-02-28,15.502,10.345,21.119
2019-03-01,15.451,9.702,21.519
2019-03-02,14.94,11.614,19.22
2019-03-03,15.398,10.995,20.286
2019-03-04,16.733,13.084,22.685
2019-03-05,15.398,10.879,21.421
2019-03-06,16.278,13.593,21.19
2019-03-07,15.678,12.347,20.596
2019-03-08,15.261,10.611,21.814
2019-03-09,15.62,10.533,22.172
2019-03-10,15.123,10.249,20.849
2019-03-11,15.171,11.629,20.764
2019-03-12,16.027,10.669,22.064
2019-03-13,16.413,11.512,22.288
2019-03-14,16.263,13.547,20.918
2019-03-15,15.247,11.478,20.443
2019-03-16,15.782,12.485,21.274
2019-03-17,15.686,10.667,21.264
2019-03-18,16.025,12.755,21.468
2019-03-19,14.913,11.91,18.074
2019-03-20,15.431,12.736,19.6
2019-03-21,15.056,10.526,20.611
2019-03-22,15.485,12.402,20.608
2019-03-23,15.172,11.196,21.126
2019-03-24,15.293,10.999,20.606
2019-03-25,15.66,10.405,21.38
2019-03-26,15.401,11.297,20.23
2019-03-27,15.973,13.277,20.857
2019-03-28,15.88,11.992,20.737
2019-03-29,14.811,12.414,17.31
2019-03-30,15.144,12.038,20.362
2019-03-31,15.68,12.03,20.865
2019-04-01,15.194,11.892,19.218
2019-04-02,14.73,12.327,18.199
2019-04-03,15.42,11.77,19.96
2019-04-04,15.405,12.062,20.089
2019-04-05,15.826,11.286,21.246
2019-04-06,16.223,12.86,21.473
2019-04-07,15.836,12.507,20.901
2019-04-08,16.309,13.202,20.966
2019-04-09,15.741,11.948,20.581
2019-04-10,15.435,12.088,20.54
2019-04-11,15.486,10.965,20.285
2019-04-12,16.205,11.278,21.616
2019-04-13,16.194,11.488,21.925
2019-04-14,15.694,10.206,21.983
2019-04-15,15.39,12.105,19.797
2019-04-16,15.203,11.51,20.743
2019-04-17,15.865,12.203,21.033
2019-04-18,15.194,12.103,20.361
2019-04-19,15.256,12.1,19.517
2019-04-20,15.187,11.696,20.022
2019-04-21,15.077,11.759,18.795
2019-04-22,14.661,12.403,17.146
2019-04-23,14.266,10.283,19.947
2019-04-24,15.081,12.007,19.761
2019-04-25,15.517,12.244,19.719
2019-04-26,15.477,12.17,19.307
2019-04-27,15.26,10.418,21.742
2019-04-28,15.337,11.358,20.08
2019-04-29,16.098,10.071,22.799
2019-04-30,16.043,10.12,22.722
2019-05-01,16.306,9.699,23.37
2019-05-02,16.668,10.188,22.897
2019-05-03,16.22,10.528,21.808
2019-05-04,16.076,12.651,20.833
2019-05-05,16.203,11.218,22.038
2019-05-06,16.152,10.827,21.393
2019-05-07,15.843,10.556,22.451
2019-05-08,15.32,11.413,19.217
2019-05-09,15.105,11.709,19.742
2019-05-10,15.102,11.923,18.974
2019-05-11,15.319,12.441,19.865
2019-05-12,15.122,10.72,20.437
2019-05-13,15.316,11.809,19.079
2019-05-14,14.711,11.437,18.677
2019-05-15,14.677,10.709,19.584
2019-05-16,15.004,10.533,20.138
2019-05-17,15.186,10.89,19.886
2019-05-18,15.138,11.738,20.152
2019-05-19,14.613,12.101,18.188
2019-05-20,15.261,12.458,20.229
2019-05-21,14.926,11.53,19.643
2019-05-22,15.35,11.095,20.801
2019-05-23,14.801,11.798,19.372
2019-05-24,15.209,11.862,19.919
2019-05-25,14.99,11.998,18.521
2019-05-26,14.875,11.041,19.875
2019-05-27,15.301,11.486,20.006
2019-05-28,14.815,10.642,18.935
2019-05-29,14.212,10.073,19.446
2019-05-30,14.587,10.573,19.338
2019-05-31,15.053,12.489,19.224
2019-06-01,14.85,12.648,18.76
2019-06-02,15.135,12.336,20.199
2019-06-03,15.57,10.423,21.11
2019-06-04,15.468,10.23,21.323
2019-06-05,15.084,10.853,20.055
2019-06-06,14.511,10.038,18.509
2019-06-07,14.514,11.432,17.731
2019-06-08,14.639,10.462,19.463
2019-06-09,15.077,10.55,20.142
2019-06-10,14.763,10.275,20.039
2019-06-11,14.893,10.082,20.193
2019-06-12,15.557,12.494,19.596
2019-06-13,15.294,11.259,20.792
2019-06-14,15.086,11.076,20.054
2019-06-15,14.96,10.059,19.715
2019-06-16,15.619,10.292,20.881
2019-06-17,16.505,11.555,22.215
2019-06-18,16.342,11.058,21.946
2019-06-19,15.46,11.736,21.025
2019-06-20,15.147,11.368,19.504
2019-06-21,15.525,10.926,21.564
2019-06-22,15.544,10.962,21.661
2019-06-23,15.432,9.987,21.101
2019-06-24,14.794,10.988,18.198
2019-06-25,14.664,10.143,19.562
2019-06-26,16.324,10.211,23.393
2019-06-27,16.262,8.794,23.242
2019-06-28,16.102,10.262,22.479
2019-06-29,15.009,9.862,20.776
2019-06-30,14.986,9.815,20.753
2019-07-01,14.891,10.802,20.668
2019-07-02,14.827,11.621,18.981
2019-07-03,15.132,10.471,19.857
2019-07-04,15.814,10.62,21.123
2019-07-05,15.621,10.276,21.282
2019-07-06,15.904,9.407,22.57
2019-07-07,15.718,9.598,22.692
2019-07-08,14.464,8.54,20.511
2019-07-09,14.05,10.91,17.972
2019-07-10,14.574,9.392,19.063
2019-07-11,15.132,11.206,20.023
2019-07-12,14.729,9.686,20.073
2019-07-13,14.28,9.909,18.831
2019-07-14,14.691,9.803,20.71
2019-07-15,14.545,9.546,19.888
2019-07-16,14.588,10.481,19.359
2019-07-17,15.155,9.43,21.772
2019-07-18,15.508,9.148,21.943
2019-07-19,15.12,9.228,20.39
2019-07-20,15.433,9.373,21.95
2019-07-21,15.77,9.495,21.559
2019-07-22,15.318,11.567,20.227
2019-07-23,14.885,10.534,20.661
2019-07-24,14.202,10.47,18.146
2019-07-25,14.568,8.816,20.515
2019-07-26,14.733,9.225,20.389
2019-07-27,15.114,9.704,21.08
2019-07-28,14.866,8.478,21.253
2019-07-29,14.807,9.617,21.32
2019-07-30,15.189,9.355,21.585
2019-07-31,15.262,10.54,21.361
2019-08-01,14.873,9.768,19.982
2019-08-02,14.626,10.175,20.128
2019-08-03,14.768,11.432,19.844
2019-08-04,14.04,9.007,20.384
2019-08-05,14.976,9.744,21.909
2019-08-06,14.586,8.718,20.547
2019-08-07,14.107,8.408,20.743
2019-08-08,14.488,8.978,20.664
2019-08-09,14.576,7.843,21.819
2019-08-10,15.134,9.122,21.771
2019-08-11,15.721,10.848,21.426
2019-08-12,15.085,10.491,20.069
2019-08-13,15.384,10.115,20.908
2019-08-14,15.259,12.263,20.235
2019-08-15,14.315,10.389,20.667
2019-08-16,14.485,11.765,18.871
2019-08-17,14.128,11.361,17.863
2019-08-18,14.242,9.141,20.729
2019-08-19,14.554,9.104,21.972
2019-08-20,14.982,9.742,20.125
2019-08-21,14.409,7.999,20.921
2019-08-22,14.274,7.884,20.454
2019-08-23,14.58,9.987,20.73
2019-08-24,14.554,9.417,20.572
2019-08-25,14.918,9.288,20.695
2019-08-26,15.161,9.817,21.951
2019-08-27,15.014,8.706,21.385
2019-08-28,15.438,10.57,21.597
2019-08-29,15.009,7.903,22.523
2019-08-30,14.837,7.502,21.851
2019-08-31,15.04,9.337,20.901
2019-09-01,15.325,10.244,21.357
2019-09-02,14.81,10.031,20.072
2019-09-03,15.488,8.79,23.377
2019-09-04,15.596,9.926,21.2
2019-09-05,14.893,9.28,20.852
2019-09-06,15.916,9.826,21.844
2019-09-07,15.516,8.507,22.838
2019-09-08,15.224,7.399,22.869
2019-09-09,15.721,8.969,22.395
2019-09-10,15.464,8.985,22.011
2019-09-11,15.87,10.185,22.902
2019-09-12,16.29,10.618,21.792
2019-09-13,15.731,9.661,22.255
2019-09-14,15.708,10.156,21.584
2019-09-15,15.291,8.696,21.741
2019-09-16,14.783,8.733,20.713
2019-09-17,15.269,11.375,20.868
2019-09-18,14.247,12.43,17.24
2019-09-19,14.455,12.443,17.691
2019-09-20,14.758,11.803,19.556
2019-09-21,14.422,11.252,18.455
2019-09-22,14.144,9.834,20.034
2019-09-23,14.597,11.847,18.995
2019-09-24,15.054,11.097,20.272
2019-09-25,14.75,9.826,20.09
2019-09-26,14.589,9.871,19.907
2019-09-27,14.797,8.964,21.338
2019-09-28,15.532,10.014,21.359
2019-09-29,14.744,10.54,20.163
2019-09-30,14.716,10.581,20.026
2019-10-01,14.778,9.7,20.308
2019-10-02,14.711,9.796,20.39
2019-10-03,14.172,9.937,19.596
2019-10-04,14.759,10.15,20.253
2019-10-05,14.847,9.67,21.309
2019-10-06,14.729,10.146,20.698
2019-10-07,14.501,9.741,20.001
2019-10-08,14.484,9.722,20.135
2019-10-09,14.805,10.434,20.324
2019-10-10,14.266,10.519,18.556
2019-10-11,14.699,11.781,19.836
2019-10-12,14.406,11.768,19.05
2019-10-13,14.418,10.559,18.287
2019-10-14,13.99,10.146,18.7
2019-10-15,14.587,10.332,19.951
2019-10-16,13.982,9.064,19.851
2019-10-17,14.714,10.15,20.021
2019-10-18,14.39,11.253,18.538
2019-10-19,14.08,10.903,17.943
2019-10-20,14.007,9.295,19.201
2019-10-21,14.087,10.662,18.417
2019-10-22,13.602,9.803,18.753
2019-10-23,14.364,10.345,19.529
2019-10-24,14.614,10.951,19.296
2019-10-25,14.66,10.615,19.091
2019-10-26,14.762,9.953,19.81
2019-10-27,14.459,9.904,19.928
2019-10-28,14.675,9.553,20.811
2019-10-29,14.919,10.049,20.716
2019-10-30,14.985,10.897,19.379
2019-10-31,15.21,10.157,20.325
2019-11-01,14.938,10.086,20.273
2019-11-02,14.375,10.757,18.86
2019-11-03,14.854,9.786,20.043
2019-11-04,15.016,10.924,20.418
2019-11-05,15.061,10.59,20.859
2019-11-06,15.448,9.201,21.444
2019-11-07,15.611,10.03,21.502
2019-11-08,15.768,11.15,21.683
2019-11-09,15.101,12.187,18.556
2019-11-10,15.191,12.255,20.222
2019-11-11,15.034,11.54,19.961
2019-11-12,15.012,12.56,18.788
2019-11-13,14.868,11.775,18.703
2019-11-14,14.676,11.732,18.743
2019-11-15,13.772,11.332,16.852
2019-11-16,14.393,11.685,19.291
2019-11-17,14.427,9.206,20.698
2019-11-18,14.958,10.58,20.477
2019-11-19,14.73,11.619,19.382
2019-11-20,14.45,11.844,19.052
2019-11-21,14.187,10.796,17.925
2019-11-22,13.977,10.292,18.411
2019-11-23,13.911,9.593,18.827
2019-11-24,14.599,10.245,19.795
2019-11-25,16.228,12.937,21.008
2019-11-26,15.384,9.216,21.021
2019-11-27,15.772,9.853,22.482
2019-11-28,15.753,10.553,21.271
2019-11-29,14.999,10.987,19.197
2019-11-30,15.143,10.274,20.222
2019-12-01,16.226,12.668,21.548
2019-12-02,14.693,9.277,20.462
2019-12-03,14.7,10.074,20.052
2019-12-04,15.049,10.189,20.986
2019-12-05,15.114,9.042,21.362
2019-12-06,15.221,9.304,20.675
2019-12-07,14.72,9.663,19.63
2019-12-08,14.101,9.784,18.42
2019-12-09,15.18,10.541,20.825
2019-12-10,15.614,11.245,20.527
2019-12-11,15.06,10.862,20.497
2019-12-12,14.482,11.172,18.968
2019-12-13,14.661,9.759,20.281
2019-12-14,15.031,11.154,19.952
2019-12-15,15.027,12.498,19.215
2019-12-16,15.155,10.553,20.867
2019-12-17,15.124,10.301,21.195
2019-12-18,14.94,10.658,19.714
2019-12-19,15.151,10.773,20.737
2019-12-20,15.265,9.361,21.179
2019-12-21,15.17,10.391,19.443
2019-12-22,15.278,10.213,21.228
2019-12-23,14.987,8.319,21.641
2019-12-24,15.397,8.91,22.002
2019-12-25,15.596,10.216,21.467
2019-12-26,15.576,11.045,21.554
2019-12-27,14.753,10.299,19.766
2019-12-28,15.398,10.567,20.339
2019-12-29,15.793,11.307,21.145
2019-12-30,15.642,11.666,19.698
2019-12-31,14.987,12.795,18.473
2020-01-01,14.774,11.75,19.871
2020-01-02,15.355,10.45,20.717
2020-01-03,14.919,8.565,21.233
2020-01-04,14.371,7.51,21.01
2020-01-05,13.811,7.06,19.648
2020-01-06,13.81,7.02,20.301
2020-01-07,14.557,8.227,21.039
2020-01-08,15.022,10.582,21.338
2020-01-09,15.226,9.377,21.253
2020-01-10,15.594,9.495,22.561
2020-01-11,14.34,7.631,22.317
2020-01-12,14.692,8.479,21.385
2020-01-13,15.414,9.611,22.046
2020-01-14,16.039,10.79,21.504
2020-01-15,15.792,10.291,22.362
2020-01-16,16.107,9.481,23.424
2020-01-17,16.651,10.619,23.995
2020-01-18,16.905,10.533,23.636
2020-01-19,16.505,10.472,23.212
2020-01-20,16.161,12.102,20.45
2020-01-21,15.456,10.194,20.539
2020-01-22,14.527,11.114,19.46
2020-01-23,14.703,10.211,20.56
2020-01-24,15.087,10.094,20.824
2020-01-25,15.719,12.677,20.661
2020-01-26,15.063,13.27,18.779
2020-01-27,14.855,11.508,19.638
2020-01-28,15.173,11.839,20.389
2020-01-29,14.775,9.475,20.267
2020-01-30,15.128,10.267,20.979
2020-01-31,15.96,10.698,21.358
2020-02-01,15.827,9.96,21.643
2020-02-02,15.903,10.962,21.783
2020-02-03,16.859,11.823,23.462
2020-02-04,16.815,12.309,22.759
2020-02-05,16.044,10.191,23.001
2020-02-06,15.415,7.421,22.906
2020-02-07,15.364,7.748,22.403
2020-02-08,15.522,9.793,21.057
2020-02-09,15.816,10.335,21.278
2020-02-10,16.234,10.722,23.467
2020-02-11,17.315,11.007,24.053
2020-02-12,16.769,11.624,22.555
2020-02-13,16.43,11.426,22.151
2020-02-14,15.833,12.069,20.877
2020-02-15,15.79,11.077,21.586
2020-02-16,16.301,11.016,22.471
2020-02-17,16.871,11.2,23.859
2020-02-18,16.501,8.81,24.671
2020-02-19,16.325,9.93,23.435
2020-02-20,16.994,13.369,21.898
2020-02-21,16.328,13.385,20.482
2020-02-22,15.672,13.233,19.893
2020-02-23,15.083,12.736,18.393
2020-02-24,15.326,12.255,20.156
2020-02-25,16.211,12.81,21.272
2020-02-26,14.932,12.565,19.572
2020-02-27,14.336,12.174,18.071
2020-02-28,14.928,12.862,18.373
2020-02-29,15.75,12.794,20.165
2020-03-01,15.074,10.401,20.439
2020-03-02,15.684,11.963,21.451
2020-03-03,15.782,11.376,20.984
2020-03-04,16.78,12.671,22.692
2020-03-05,16.557,9.083,23.517
2020-03-06,16.617,11.144,22.566
2020-03-07,15.804,10.194,21.71
2020-03-08,15.539,11.966,20.799
2020-03-09,15.455,12.032,20.393
2020-03-10,15.088,11.331,20.298
2020-03-11,15.435,11.333,20.332
2020-03-12,15.648,11.255,21.054
2020-03-13,15.696,13.006,20.24
2020-03-14,14.924,12.318,18.05
2020-03-15,15.019,11.089,19.078
2020-03-16,15.039,10.399,20.284
2020-03-17,15.026,9.892,21.257
2020-03-18,15.327,11.413,20.713
2020-03-19,15.07,11.742,19.682
2020-03-20,14.465,11.04,19.46
2020-03-21,13.542,9.688,18.132
2020-03-22,14.194,8.259,20.452
2020-03-23,14.666,10.556,19.459
2020-03-24,14.762,10.801,19.711
2020-03-25,14.992,10.941,20.384
2020-03-26,15.375,10.719,20.84
2020-03-27,15.436,10.917,20.536
2020-03-28,15.335,11.161,20.234
2020-03-29,15.878,10.263,22.76
2020-03-30,15.547,10.783,20.769
2020-03-31,15.47,12.198,20.09
2020-04-01,15.077,11.624,20.078
2020-04-02,15.234,12.122,19.985
2020-04-03,15.893,12.3,21.831
2020-04-04,15.907,11.279,20.704
2020-04-05,15.967,11.144,21.926
2020-04-06,15.746,11.936,22.196
2020-04-07,15.403,11.686,20.602
2020-04-08,15.821,11.227,21.53
2020-04-09,15.895,11.101,21.316
2020-04-10,15.791,11.659,21.614
2020-04-11,15.515,12.532,20.697
2020-04-12,15.887,12.205,21.37
2020-04-13,15.87,11.244,22.006
2020-04-14,15.533,11.56,20.551
2020-04-15,14.708,12.416,19.564
2020-04-16,14.467,11.519,18.899
2020-04-17,14.77,10.942,19.668
2020-04-18,14.836,10.172,20.082
2020-04-19,14.649,12.115,20.147
2020-04-20,14.283,9.738,20.147
2020-04-21,14.253,11.102,19.223
2020-04-22,14.336,9.882,20.191
2020-04-23,15.155,11.398,20.618
2020-04-24,15.632,11.683,20.329
2020-04-25,15.431,10.501,21.316
2020-04-26,16.185,9.992,22.654
2020-04-27,15.96,10.031,22.658
2020-04-28,16.007,10.193,22.109
2020-04-29,15.211,11.12,19.118
2020-04-30,15.639,12.502,20.636
2020-05-01,15.184,11.884,19.426
2020-05-02,15.46,11.169,21.144
2020-05-03,15.501,11.43,19.314
2020-05-04,15.424,9.675,21.222
2020-05-05,16.009,11.466,21.536
2020-05-06,16.336,10.68,22.323
2020-05-07,15.802,11.288,20.593
2020-05-08,16.179,10.56,21.813
2020-05-09,16.501,11.483,21.93
2020-05-10,17.135,12.042,22.814
2020-05-11,17.006,11.768,22.991
2020-05-12,15.923,11.38,20.981
2020-05-13,15.483,12.48,20.298
2020-05-14,15.215,12.042,20.429
2020-05-15,15.483,11.738,20.975
2020-05-16,16.092,11.723,23.047
2020-05-17,15.698,11.154,22.19
2020-05-18,15.819,11.536,21.293
2020-05-19,15.478,11.502,19.748
2020-05-20,16.202,11.899,22.2
2020-05-21,16.627,11.348,22.357
2020-05-22,15.756,10.397,22.135
2020-05-23,16.538,12.236,21.552
2020-05-24,16.625,11.09,22.964
2020-05-25,16.748,12.418,21.264
2020-05-26,15.861,10.953,20.783
2020-05-27,15.378,12.53,20.041
2020-05-28,14.193,12.559,16.253
2020-05-29,14.45,11.373,17.69
2020-05-30,14.339,12.637,17.146
2020-05-31,14.667,12.252,18.408
2020-06-01,14.507,11.672,18.383
2020-06-02,14.48,10.354,18.612
2020-06-03,14.382,10.925,19.657
2020-06-04,15.128,11.324,19.754
2020-06-05,15.468,11.01,20.05
2020-06-06,14.491,9.688,19.472
2020-06-07,14.482,9.259,20.031
2020-06-08,14.277,9.413,19.505
2020-06-09,13.976,8.808,19.495
2020-06-10,13.761,10.207,17.898
2020-06-11,14.103,11.028,19.342
2020-06-12,14.754,11.09,19.894
2020-06-13,14.867,10.179,20.689
2020-06-14,14.892,10.099,20.452
2020-06-15,14.86,10.765,20.941
2020-06-16,14.609,9.84,20.592
2020-06-17,14.55,11.469,18.365
2020-06-18,14.85,10.781,20.092
2020-06-19,15.378,11.666,19.866
2020-06-20,15.283,10.552,20.703
2020-06-21,15.527,10.69,20.971
2020-06-22,15.509,12.206,19.455
2020-06-23,14.918,9.253,20.1
2020-06-24,15.355,9.35,21.833
2020-06-25,15.861,11.064,21.758
2020-06-26,15.228,10.498,20.033
2020-06-27,14.778,9.954,20.983
2020-06-28,14.929,11.922,19.66
2020-06-29,14.683,11.682,18.425
2020-06-30,15.136,9.354,21.23
2020-07-01,15.284,11.8,19.843
2020-07-02,14.502,10.831,18.247
2020-07-03,14.613,10.073,18.942
2020-07-04,14.442,9.93,18.5
2020-07-05,14.395,10.574,18.636
2020-07-06,14.507,10.438,19.952
2020-07-07,14.8,11.514,19.368
2020-07-08,14.534,8.89,20.272
2020-07-09,14.459,9.126,20.69
2020-07-10,14.486,9.597,18.983
2020-07-11,14.08,10.029,18.717
2020-07-12,14.032,10.994,18.362
2020-07-13,14.589,9.527,20.616
2020-07-14,14.929,9.532,21.763
2020-07-15,14.671,11.282,19.138
2020-07-16,14.12,9.624,19.1
2020-07-17,14.369,8.28,21.196
2020-07-18,14.38,9.1,20.643
2020-07-19,15.099,9.82,21.049
2020-07-20,14.57,9.956,19.86
2020-07-21,14.147,9.593,18.778
2020-07-22,14.566,12.04,18.481
2020-07-23,13.959,9.87,19.163
2020-07-24,13.883,11.082,17.827
2020-07-25,13.699,9.905,18.853
2020-07-26,13.687,8.318,19.877
2020-07-27,14.065,9.024,19.972
2020-07-28,14.831,10.126,19.846
2020-07-29,15.198,10.385,20.154
2020-07-30,15.195,11.166,20.793
2020-07-31,15.306,10.419,20.934
2020-08-01,15.529,11.304,21.388
2020-08-02,14.476,8.01,20.867
2020-08-03,15.158,9.401,20.512
2020-08-04,14.679,9.608,19.267
2020-08-05,14.709,9.417,20.602
2020-08-06,14.782,10.595,20.197
2020-08-07,15.226,11.033,20.834
2020-08-08,15.943,11.789,21.8
2020-08-09,15.201,10.315,20.403
2020-08-10,14.905,10.326,20.291
2020-08-11,14.916,10.286,19.836
2020-08-12,14.766,10.53,20.293
2020-08-13,15.109,10.164,21.667
2020-08-14,14.881,9.601,20.228
2020-08-15,15.104,11.679,19.336
2020-08-16,14.877,10.058,19.584
2020-08-17,14.367,10.395,17.73
2020-08-18,14.716,10.909,19.609
2020-08-19,14.646,11.208,19.222
2020-08-20,14.655,10.476,20.129
2020-08-21,15.027,11.476,20.805
2020-08-22,14.682,11.047,18.823
2020-08-23,14.651,11.135,19.395
2020-08-24,14.575,9.547,20.861
2020-08-25,14.747,10.56,20.216
2020-08-26,14.576,10.727,20.078
2020-08-27,14.539,9.641,20.6
2020-08-28,14.968,9.093,20.8
2020-08-29,15.196,10.784,20.308
2020-08-30,13.867,9.91,18.452
2020-08-31,14.497,10.466,20.114
2020-09-01,15.057,10.465,21.003
2020-09-02,13.695,12.2,16.054
2020-09-03,14.686,11.019,20.066
2020-09-04,14.334,9.294,20.509
2020-09-05,14.952,8.322,21.688
2020-09-06,15.318,10.575,20.55
2020-09-07,15.181,11.892,19.549
2020-09-08,13.93,11.68,16.759
2020-09-09,13.801,8.636,19.792
2020-09-10,14.249,8.221,20.67
2020-09-11,14.736,10.092,20.568
2020-09-12,15.104,10.224,21.025
2020-09-13,14.784,9.619,20.489
2020-09-14,14.635,8.482,21.89
2020-09-15,14.682,9.575,20.704
2020-09-16,13.686,9.524,18.595
2020-09-17,14.007,10.12,19.439
2020-09-18,14.817,10.804,19.906
2020-09-19,14.57,11.27,18.799
2020-09-20,14.77,10.311,20.422
2020-09-21,14.76,9.368,21.729
2020-09-22,14.441,7.237,22.815
2020-09-23,15.139,10.438,19.745
2020-09-24,14.475,10.001,20.16
2020-09-25,14.51,8.917,22.062
2020-09-26,14.564,10.703,20.014
2020-09-27,13.872,9.651,18.807
2020-09-28,14.19,9.271,20.04
2020-09-29,14.879,9.736,21.155
2020-09-30,14.79,11.174,19.095
2020-10-01,14.14,8.602,20.352
2020-10-02,14.873,9.813,20.734
2020-10-03,14.123,8.997,19.653
2020-10-04,14.024,9.737,19.562
2020-10-05,14.246,10.364,18.604
2020-10-06,13.887,8.905,19.879
2020-10-07,14.412,9.499,21.698
2020-10-08,14.11,10.181,20.964
2020-10-09,14.469,9.453,20.441
2020-10-10,14.729,9.227,21.137
2020-10-11,14.737,8.573,22.321
2020-10-12,14.77,10.01,20.461
2020-10-13,14.3,11.66,17.75
2020-10-14,13.586,9.344,19.085
2020-10-15,14.174,8.47,20.298
2020-10-16,14.928,9.701,22.047
2020-10-17,14.725,8.859,21.582
2020-10-18,14.569,10.974,19.503
2020-10-19,13.723,10.585,18.135
2020-10-20,13.754,9.488,19.14
2020-10-21,14.474,10.447,18.57
2020-10-22,14.984,11.346,20.451
2020-10-23,14.613,8.82,20.579
2020-10-24,14.777,11.302,19.533
2020-10-25,14.722,10.841,19.873
2020-10-26,15.046,10.601,20.185
2020-10-27,15.076,10.484,20.418
2020-10-28,14.625,12.588,18.092
2020-10-29,14.058,10.793,18.546
2020-10-30,14.406,11.515,18.952
2020-10-31,14.292,12.464,17.265
2020-11-01,14.125,10.985,18.374
2020-11-02,15.068,10.964,20.602
2020-11-03,14.671,11.185,19.318
2020-11-04,14.923,11.777,19.738
2020-11-05,14.678,11.305,20.089
2020-11-06,14.45,10.817,19.676
2020-11-07,14.47,10.447,19.61
2020-11-08,14.477,11.14,18.989
2020-11-09,14.217,10.656,20.035
2020-11-10,14.497,11.93,19.139
2020-11-11,13.947,11.944,17.405
2020-11-12,14.189,11.268,18.868
2020-11-13,14.285,12.282,18.049
2020-11-14,14.791,12.442,19.209
2020-11-15,14.222,10.02,19.868
2020-11-16,14.528,10.487,19.701
2020-11-17,13.842,12.078,16.548
2020-11-18,14.394,11.316,19.091
2020-11-19,14.744,11.416,19.943
2020-11-20,14.745,10.506,20.042
2020-11-21,14.585,10.243,19.033
2020-11-22,14.437,10.527,19.512
2020-11-23,14.744,10.469,19.436
2020-11-24,14.947,10.193,20.275
2020-11-25,14.733,10.37,19.891
2020-11-26,14.442,10.726,19.638
2020-11-27,14.416,11.61,19.006
2020-11-28,14.137,10.565,18.555
2020-11-29,14.834,10.484,19.941
2020-11-30,14.561,9.184,19.323
2020-12-01,13.725,8.864,18.698
2020-12-02,14.181,10.516,19.566
2020-12-03,14.438,9.352,20.017
2020-12-04,14.785,9.757,19.813
2020-12-05,14.885,10.578,19.967
2020-12-06,15.056,11.133,19.888
2020-12-07,14.812,10.252,20.046
2020-12-08,15.045,11.693,19.448
2020-12-09,14.32,9.769,19.077
2020-12-10,14.168,7.912,20.083
2020-12-11,14.986,10.124,20.667
2020-12-12,15.184,10.892,20.227
2020-12-13,15.097,8.854,21.329
2020-12-14,14.455,7.685,20.546
2020-12-15,14.767,10.774,19.624
2020-12-16,14.367,9.989,19.723
2020-12-17,14.978,11.143,19.686
2020-12-18,14.589,10.523,20.148
2020-12-19,14.354,10.12,19.522
2020-12-20,14.531,9.487,19.941
2020-12-21,14.534,10.057,20.007
2020-12-22,14.816,10.904,19.963
2020-12-23,14.684,9.211,20.624
2020-12-24,14.807,10.623,20.034
2020-12-25,14.46,10.304,20.955
2020-12-26,13.979,11.582,18.276
2020-12-27,13.563,10.194,17.897
2020-12-28,14.038,10.096,18.946
2020-12-29,13.905,11.15,18.178
2020-12-30,14.198,11.471,19.016
2020-12-31,14.43,11.705,18.761
2021-01-01,14.976,10.779,20.04
2021-01-02,15.149,11.339,20.173
2021-01-03,14.799,9.94,20.172
2021-01-04,14.342,9.768,19.543
2021-01-05,13.494,7.808,18.871
2021-01-06,13.518,7.12,19.701
2021-01-07,13.947,10.272,18.882
2021-01-08,13.528,10.054,18.978
2021-01-09,13.716,9.49,18.17
2021-01-10,14.296,11.079,18.674
2021-01-11,14.319,10.1,19.048
2021-01-12,15.204,10.3,21.776
2021-01-13,15.342,8.504,21.717
2021-01-14,15.457,9.945,21.456
2021-01-15,14.823,7.774,20.828
2021-01-16,14.228,8.236,20.059
2021-01-17,14.048,7.053,20.71
2021-01-18,14.058,7.144,20.804
2021-01-19,14.791,8.637,21.646
2021-01-20,15.408,9.178,22.148
2021-01-21,15.66,11.992,20.922
2021-01-22,15.68,11.692,20.444
2021-01-23,15.532,11.071,20.65
2021-01-24,15.486,11.647,20.101
2021-01-25,15.291,10.001,21.629
2021-01-26,15.502,8.438,22.325
2021-01-27,15.231,8.103,21.45
2021-01-28,15.597,10.121,20.583
2021-01-29,15.329,8.253,22.183
2021-01-30,16.535,11.345,23.484
2021-01-31,15.805,8.167,23.615
2021-02-01,15.469,9.265,21.576
2021-02-02,16.212,10.694,22.264
2021-02-03,15.84,10.461,22.108
2021-02-04,16.059,9.577,22.536
2021-02-05,16.18,10.546,22.049
2021-02-06,16.272,12.752,21.429
2021-02-07,16.194,10.617,22.288
2021-02-08,16.06,12.685,20.958
2021-02-09,14.943,9.609,21.135
2021-02-10,14.932,11.312,20.648
2021-02-11,15.323,11.227,20.798
2021-02-12,15.045,11.605,19.591
2021-02-13,15.008,11.84,19.398
2021-02-14,14.128,10.654,18.991
2021-02-15,15.109,9.999,21.444
2021-02-16,14.594,10.137,19.865
2021-02-17,14.681,10.256,20.204
2021-02-18,14.874,10.957,20.472
2021-02-19,14.199,10.529,18.602
2021-02-20,14.565,9.305,20.164
2021-02-21,14.422,9.198,19.633
2021-02-22,14.307,10.206,19.513
2021-02-23,15.201,11.996,19.727
2021-02-24,15.617,11.418,20.829
2021-02-25,15.186,10.477,20.557
2021-02-26,15.511,10.434,22.235
2021-02-27,15.157,11.44,20.144
2021-02-28,14.867,9.383,21.245
2021-03-01,14.778,10.673,20.107
2021-03-02,14.261,10.35,19.154
2021-03-03,14.4,9.635,20.085
2021-03-04,14.297,9.035,18.978
2021-03-05,14.706,10.712,19.742
2021-03-06,15.095,12.539,19.586
2021-03-07,14.573,11.153,19.143
2021-03-08,14.625,9.533,19.969
2021-03-09,15.158,10.848,20.662
2021-03-10,14.196,10.464,18.395
2021-03-11,14.047,10.678,18.509
2021-03-12,13.488,9.223,18.707
2021-03-13,13.56,8.078,19.581
2021-03-14,14.505,11.452,19.454
2021-03-15,13.841,10.874,18.737
2021-03-16,14.004,11.099,18.666
2021-03-17,14.256,11.315,18.599
2021-03-18,13.989,10.846,20.095
2021-03-19,13.648,9.287,19.205
2021-03-20,13.784,11.141,17.941
2021-03-21,14.239,8.989,20.23
2021-03-22,14.845,12.29,19.921
2021-03-23,14.076,10.515,19.943
2021-03-24,14.414,10.943,20.279
2021-03-25,14.259,9.747,20.088
2021-03-26,14.327,10.129,20.131
2021-03-27,14.29,11.88,17.883
2021-03-28,14.476,10.039,20.339
2021-03-29,14.647,9.934,21.299
2021-03-30,14.645,9.107,20.449
2021-03-31,14.976,10.446,20.393
2021-04-01,14.975,11.352,19.719
2021-04-02,14.936,12.095,19.408
2021-04-03,14.47,11.099,18.837
2021-04-04,14.606,11.126,19.216
2021-04-05,14.765,11.787,19.867
2021-04-06,14.682,11.799,18.604
2021-04-07,13.733,9.684,19.32
2021-04-08,14.19,10.415,19.062
2021-04-09,14.19,10.918,19.999
2021-04-10,14.063,9.16,19.862
2021-04-11,14.459,9.771,20.189
2021-04-12,15.079,10.189,20.965
2021-04-13,14.577,9.291,20.914
2021-04-14,14.414,9.898,20.868
2021-04-15,14.372,11.57,19.488
2021-04-16,14.258,9.65,19.781
2021-04-17,14.61,10.409,20.686
2021-04-18,14.494,9.77,20.086
2021-04-19,15.161,9.035,21.237
2021-04-20,15.672,10.539,21.443
2021-04-21,15.256,11.315,20.065
2021-04-22,14.947,10.274,20.768
2021-04-23,15.661,11.712,20.42
2021-04-24,15.388,10.524,20.812
2021-04-25,15.562,11.634,20.953
2021-04-26,15.458,11.023,21.519
2021-04-27,14.952,11.828,19.6
2021-04-28,14.392,12.033,18.9
2021-04-29,14.142,12.173,18.482
2021-04-30,13.41,11.592,16.527
2021-05-01,13.325,8.536,19.055
2021-05-02,14.426,11.11,19.205
2021-05-03,13.505,11.529,16.226
2021-05-04,13.86,10.853,18.096
2021-05-05,14.627,10.508,19.602
2021-05-06,14.2,11.388,17.478
2021-05-07,14.372,9.612,19.996
2021-05-08,14.432,10.46,19.628
2021-05-09,14.773,11.587,19.173
2021-05-10,14.684,10.829,19.938
2021-05-11,14.383,9.875,20.013
2021-05-12,14.626,10.237,19.808
2021-05-13,15.86,10.772,21.264
2021-05-14,15.824,10.503,20.981
2021-05-15,15.866,12.05,20.373
2021-05-16,15.371,11.555,20.327
2021-05-17,14.274,12.222,17.194
2021-05-18,14.422,10.917,19.101
2021-05-19,14.836,9.33,21.452
2021-05-20,15.122,10.879,21.313
2021-05-21,14.868,9.43,21.031
2021-05-22,14.909,10.7,19.348
2021-05-23,15.512,11.555,20.549
2021-05-24,14.677,9.774,18.723
2021-05-25,14.667,10.452,20.74
2021-05-26,15.813,10.659,22.012
2021-05-27,15.403,12.337,19.966
2021-05-28,14.796,10.883,19.644
2021-05-29,14.153,12.051,16.903
2021-05-30,14.313,12.213,18.936
2021-05-31,14.903,11.338,19.355
2021-06-01,14.808,11.318,19.379
2021-06-02,14.585,10.18,20.298
2021-06-03,14.766,10.302,19.866
2021-06-04,15.235,12.086,21.038
2021-06-05,14.802,10.074,20.566
2021-06-06,14.543,11.716,17.628
2021-06-07,14.128,9.85,19.122
2021-06-08,14.056,10.355,19.178
2021-06-09,13.84,11.546,17.839
2021-06-10,14.216,11.02,19.621
2021-06-11,14.986,10.378,20.999
2021-06-12,14.472,10.093,20.339
2021-06-13,14.381,11.948,18.262
2021-06-14,13.781,10.539,18.287
2021-06-15,14.239,10.541,19.529
2021-06-16,14.759,11.431,19.248
2021-06-17,14.663,9.267,19.477
2021-06-18,14.369,9.139,20.28
2021-06-19,14.385,8.985,21.167
2021-06-20,14.489,10.036,19.733
2021-06-21,14.0,8.597,19.8
2021-06-22,14.061,11.47,18.182
2021-06-23,13.963,10.089,19.008
2021-06-24,13.938,9.876,19.62
2021-06-25,13.797,8.277,19.757
2021-06-26,13.646,9.752,18.661
2021-06-27,13.88,9.611,18.588
2021-06-28,14.481,9.727,20.409
2021-06-29,14.478,8.431,20.766
2021-06-30,14.389,8.99,20.198
2021-07-01,13.803,9.632,18.667
2021-07-02,14.211,9.834,20.013
2021-07-03,14.172,9.624,18.547
2021-07-04,13.647,8.163,18.752
2021-07-05,13.885,8.604,19.283
2021-07-06,14.213,9.695,20.479
2021-07-07,14.396,9.197,21.127
2021-07-08,14.967,9.751,21.358
2021-07-09,14.65,10.366,19.226
2021-07-10,13.899,10.492,18.581
2021-07-11,14.282,11.315,19.152
2021-07-12,14.808,9.789,20.543
2021-07-13,14.367,9.285,20.366
2021-07-14,14.272,9.094,19.785
2021-07-15,14.985,9.632,20.459
2021-07-16,14.9,10.166,20.036
2021-07-17,14.93,10.569,20.762
2021-07-18,13.912,7.726,19.983
2021-07-19,14.948,10.693,20.076
2021-07-20,14.985,7.818,22.186
2021-07-21,15.585,10.001,22.085
2021-07-22,15.225,10.245,21.694
2021-07-23,14.965,9.673,20.594
2021-07-24,14.793,12.539,17.933
2021-07-25,13.778,11.248,17.688
2021-07-26,13.283,8.982,19.178
2021-07-27,14.085,10.392,19.081
2021-07-28,14.042,9.156,20.103
2021-07-29,14.768,9.98,21.935
2021-07-30,14.867,10.395,21.472
2021-07-31,15.339,10.197,20.825
2021-08-01,15.205,10.193,22.084
2021-08-02,14.277,10.119,20.261
2021-08-03,14.282,10.665,19.297
2021-08-04,13.334,8.406,18.506
2021-08-05,14.363,9.426,20.729
2021-08-06,14.513,8.262,21.606
2021-08-07,14.326,8.687,19.777
2021-08-08,14.415,11.686,17.851
2021-08-09,15.206,11.417,19.895
2021-08-10,15.037,8.883,22.786
2021-08-11,14.479,9.66,20.09
2021-08-12,14.276,9.116,20.001
2021-08-13,14.517,9.79,19.827
2021-08-14,13.942,9.92,19.503
2021-08-15,13.89,9.324,18.908
2021-08-16,14.144,8.839,20.221
2021-08-17,14.051,9.856,18.054
2021-08-18,14.153,10.111,18.046
2021-08-19,14.019,10.582,18.509
2021-08-20,13.914,11.672,17.586
2021-08-21,14.568,10.036,20.736
2021-08-22,14.182,9.052,20.186
2021-08-23,14.871,10.763,20.517
2021-08-24,14.98,10.705,21.164
2021-08-25,14.723,10.76,18.976
2021-08-26,14.478,10.11,19.503
2021-08-27,14.794,10.37,19.604
2021-08-28,15.098,11.023,20.383
2021-08-29,15.099,10.258,21.054
2021-08-30,14.088,9.96,18.288
2021-08-31,13.604,9.482,18.223
2021-09-01,14.162,10.412,19.38
2021-09-02,14.938,10.66,21.167
2021-09-03,14.714,8.851,20.915
2021-09-04,15.434,10.211,21.346
2021-09-05,14.609,11.75,18.355
2021-09-06,14.897,11.407,19.701
2021-09-07,14.3,11.204,18.14
2021-09-08,14.652,10.294,20.591
2021-09-09,14.726,8.874,20.813
2021-09-10,15.504,10.813,21.865
2021-09-11,14.228,11.045,18.288
2021-09-12,14.083,9.604,19.06
2021-09-13,14.045,7.273,21.531
2021-09-14,14.735,10.355,20.155
2021-09-15,14.353,9.244,19.609
2021-09-16,14.796,10.27,19.903
2021-09-17,14.041,7.403,21.798
2021-09-18,14.719,9.648,20.756
2021-09-19,14.612,10.935,20.245
2021-09-20,14.258,10.098,19.562
2021-09-21,14.803,11.045,19.294
2021-09-22,13.74,8.65,19.528
2021-09-23,14.271,11.105,18.468
2021-09-24,14.507,9.616,19.988
2021-09-25,14.897,9.5,21.191
2021-09-26,14.386,6.684,22.179
2021-09-27,15.257,10.077,21.678
2021-09-28,14.106,9.337,19.432
2021-09-29,13.962,10.229,19.274
2021-09-30,14.296,11.754,19.075
2021-10-01,14.231,10.572,19.012
2021-10-02,14.521,9.736,20.267
2021-10-03,14.786,8.335,21.384
2021-10-04,15.111,10.049,21.029
2021-10-05,15.088,10.914,20.39
2021-10-06,15.154,11.336,20.84
2021-10-07,14.975,8.989,20.892
2021-10-08,14.732,10.729,19.57
2021-10-09,14.579,10.283,20.352
2021-10-10,14.137,9.854,20.036
2021-10-11,14.562,11.722,18.718
2021-10-12,14.478,10.229,20.773
2021-10-13,14.619,9.568,20.594
2021-10-14,15.031,9.025,21.799
2021-10-15,15.224,9.813,22.787
2021-10-16,15.24,11.598,20.843
2021-10-17,14.15,11.29,18.3
2021-10-18,14.917,10.983,20.764
2021-10-19,14.911,10.711,20.379
2021-10-20,14.819,10.276,20.833
2021-10-21,14.24,10.224,19.39
2021-10-22,14.212,10.214,19.411
2021-10-23,14.416,9.997,20.248
2021-10-24,15.21,12.039,20.375
2021-10-25,15.153,12.205,20.234
2021-10-26,14.781,11.596,19.488
2021-10-27,14.212,10.979,18.238
2021-10-28,14.602,9.347,20.507
2021-10-29,13.856,11.551,17.098
2021-10-30,13.906,10.406,18.644
2021-10-31,14.394,11.594,19.774
2021-11-01,13.781,10.407,18.415
2021-11-02,14.431,10.56,18.999
2021-11-03,14.551,12.088,19.12
2021-11-04,14.51,12.052,19.463
2021-11-05,14.318,10.767,19.153
2021-11-06,14.936,9.418,20.463
2021-11-07,14.92,8.812,21.039
2021-11-08,14.445,9.953,19.485
2021-11-09,13.966,10.258,19.036
2021-11-10,13.895,8.747,19.432
2021-11-11,14.831,10.477,20.372
2021-11-12,14.973,9.842,20.126
2021-11-13,14.923,10.199,19.995
2021-11-14,15.177,12.197,20.289
2021-11-15,15.02,12.645,19.361
2021-11-16,15.242,11.014,20.578
2021-11-17,14.763,10.185,19.778
2021-11-18,14.277,9.45,19.77
2021-11-19,14.287,9.306,19.369
2021-11-20,14.495,9.275,19.807
2021-11-21,14.962,11.329,19.904
2021-11-22,14.084,10.464,19.67
2021-11-23,14.266,12.034,18.288
2021-11-24,14.143,11.184,17.578
2021-11-25,14.137,11.155,18.313
2021-11-26,13.999,10.058,19.091
2021-11-27,14.266,9.658,19.733
2021-11-28,14.868,11.049,20.373
2021-11-29,14.146,9.232,20.012
2021-11-30,14.119,9.795,18.969
2021-12-01,14.33,10.148,20.611
2021-12-02,14.563,10.142,20.264
2021-12-03,15.192,9.512,20.948
2021-12-04,15.525,11.153,21.221
2021-12-05,14.876,9.52,20.945
2021-12-06,15.193,10.141,21.335
2021-12-07,15.002,8.984,21.497
2021-12-08,15.51,9.914,21.204
2021-12-09,15.556,11.461,20.82
2021-12-10,15.492,11.725,20.188
2021-12-11,15.31,11.53,20.151
2021-12-12,14.193,10.75,18.121
2021-12-13,13.929,11.44,18.281
2021-12-14,14.658,11.428,19.405
2021-12-15,14.592,11.611,18.949
2021-12-16,14.553,10.342,20.406
2021-12-17,14.684,10.679,19.766
2021-12-18,14.245,10.02,20.541
2021-12-19,14.3,9.94,20.143
2021-12-20,14.934,11.806,19.709
2021-12-21,14.838,12.218,18.648
2021-12-22,14.583,12.139,18.963
2021-12-23,14.63,11.745,18.837
2021-12-24,15.233,12.334,19.824
2021-12-25,14.923,11.656,19.521
2021-12-26,14.398,8.779,20.386
2021-12-27,14.287,9.327,19.548
2021-12-28,14.808,10.557,20.487
2021-12-29,14.944,11.94,20.309
2021-12-30,14.126,9.064,19.545
2021-12-31,14.518,9.576,20.388
2022-01-01,14.976,10.807,20.368
2022-01-02,15.256,11.62,20.399
2022-01-03,14.731,9.231,20.043
2022-01-04,14.431,9.428,20.008
2022-01-05,14.245,8.445,20.89
2022-01-06,14.095,8.752,19.957
2022-01-07,14.262,11.803,17.635
2022-01-08,13.907,10.268,18.853
2022-01-09,14.392,10.998,18.843
2022-01-10,13.918,9.943,18.43
2022-01-11,14.354,10.641,19.6
2022-01-12,14.316,10.515,19.247
2022-01-13,13.931,10.908,18.114
2022-01-14,13.634,10.113,17.998
2022-01-15,14.654,10.576,20.728
2022-01-16,14.454,9.07,20.231
2022-01-17,14.683,11.055,19.815
2022-01-18,14.557,11.953,18.961
2022-01-19,15.429,10.219,22.173
2022-01-20,15.438,8.816,22.843
2022-01-21,15.561,10.896,20.751
2022-01-22,15.242,11.81,19.403
2022-01-23,14.908,9.415,20.676
2022-01-24,15.849,11.797,21.057
2022-01-25,15.592,12.605,21.143
2022-01-26,14.541,9.727,20.354
2022-01-27,14.798,11.223,18.985
2022-01-28,14.172,9.866,19.188
2022-01-29,14.286,9.25,19.539
2022-01-30,14.303,11.134,19.147
2022-01-31,14.227,10.682,19.09
2022-02-01,14.168,10.044,19.146
2022-02-02,14.669,11.353,19.872
2022-02-03,14.339,7.851,21.429
2022-02-04,14.455,9.659,20.285
2022-02-05,13.951,10.247,18.837
2022-02-06,14.298,10.891,19.748
2022-02-07,14.271,10.853,19.173
2022-02-08,13.882,11.046,18.033
2022-02-09,13.604,10.728,18.547
2022-02-10,14.048,10.567,19.062
2022-02-11,14.163,11.569,18.388
2022-02-12,14.449,11.133,19.092
2022-02-13,15.168,11.592,20.366
2022-02-14,14.4,10.394,18.973
2022-02-15,14.463,11.096,19.081
2022-02-16,15.013,11.124,20.861
2022-02-17,15.601,11.6,21.394
2022-02-18,14.619,11.456,19.271
2022-02-19,13.902,10.518,18.63
2022-02-20,14.045,10.149,19.632
2022-02-21,14.318,9.273,20.041
2022-02-22,14.85,10.152,20.967
2022-02-23,14.705,10.554,19.747
2022-02-24,15.037,9.887,20.188
2022-02-25,14.919,10.794,20.225
2022-02-26,14.956,12.179,19.961
2022-02-27,14.126,12.001,17.393
2022-02-28,13.848,11.854,17.82
2022-03-01,14.187,10.828,19.246
2022-03-02,13.948,10.79,19.007
2022-03-03,14.324,10.309,20.086
2022-03-04,13.71,10.778,18.574
2022-03-05,14.211,11.419,18.809
2022-03-06,13.909,10.945,19.239
2022-03-07,13.295,11.355,15.869
2022-03-08,13.141,7.942,19.258
2022-03-09,13.955,8.807,18.815
2022-03-10,14.34,11.235,18.863
2022-03-11,14.445,11.264,19.395
2022-03-12,14.008,10.849,19.142
2022-03-13,13.755,8.869,19.841
2022-03-14,14.716,12.095,19.792
2022-03-15,14.366,11.199,19.76
2022-03-16,14.279,11.336,18.93
2022-03-17,14.261,9.38,20.377
2022-03-18,15.011,10.881,20.132
2022-03-19,15.61,12.119,21.11
2022-03-20,14.759,10.14,20.287
2022-03-21,15.041,10.778,20.815
2022-03-22,15.294,11.278,20.59
2022-03-23,15.328,9.846,20.65
2022-03-24,15.711,11.687,21.204
2022-03-25,15.344,11.409,20.217
2022-03-26,14.939,11.266,20.22
2022-03-27,14.914,12.09,19.791
2022-03-28,14.569,10.138,20.639
2022-03-29,14.55,10.174,19.713
2022-03-30,14.524,10.235,20.479
2022-03-31,14.8,12.063,18.74
2022-04-01,15.06,11.552,20.103
2022-04-02,15.125,9.32,20.916
2022-04-03,15.115,10.264,20.252
2022-04-04,14.582,11.392,19.589
2022-04-05,14.52,10.294,20.415
2022-04-06,15.202,11.249,20.612
2022-04-07,14.655,11.373,19.448
2022-04-08,14.734,11.967,19.259
2022-04-09,15.544,11.388,20.614
2022-04-10,15.335,10.43,21.775
2022-04-11,15.462,10.808,21.407
2022-04-12,15.477,10.711,21.212
2022-04-13,15.615,9.319,22.457
2022-04-14,15.877,11.756,20.543
2022-04-15,15.406,12.085,19.909
2022-04-16,15.198,11.696,20.795
2022-04-17,14.184,12.433,16.761
2022-04-18,14.046,11.339,18.065
2022-04-19,13.896,11.566,16.782
2022-04-20,13.844,11.028,17.774
2022-04-21,14.085,11.317,17.677
2022-04-22,13.847,11.246,18.197
2022-04-23,13.94,10.353,19.153
2022-04-24,14.649,11.43,19.956
2022-04-25,14.434,12.097,18.534
2022-04-26,13.769,9.033,19.667
2022-04-27,14.959,11.811,20.048
2022-04-28,14.677,11.823,18.704
2022-04-29,14.192,10.107,18.913
2022-04-30,14.313,9.753,20.335
2022-05-01,14.695,10.736,19.492
2022-05-02,15.191,10.108,21.176
2022-05-03,15.552,9.75,22.693
2022-05-04,16.309,10.295,22.267
2022-05-05,15.445,11.664,21.44
2022-05-06,14.264,11.928,17.311
2022-05-07,14.109,12.189,17.313
2022-05-08,15.109,10.637,20.605
2022-05-09,14.999,10.003,20.593
2022-05-10,14.663,12.195,18.228
2022-05-11,14.589,11.989,18.952
2022-05-12,14.755,12.3,18.562
2022-05-13,14.893,10.277,20.406
2022-05-14,14.631,10.574,18.866
2022-05-15,15.31,11.205,20.641
2022-05-16,15.389,10.091,20.973
2022-05-17,15.425,11.861,20.181
2022-05-18,14.629,12.0,19.156
2022-05-19,14.572,12.011,18.455
2022-05-20,14.327,10.789,19.333
2022-05-21,14.87,11.284,19.478
2022-05-22,15.883,9.785,21.912
2022-05-23,15.196,9.935,20.97
2022-05-24,14.706,11.623,19.279
2022-05-25,14.583,11.528,18.751
2022-05-26,14.303,11.563,17.708
2022-05-27,13.922,9.982,18.351
2022-05-28,14.053,9.979,18.374
2022-05-29,14.415,10.807,19.212
2022-05-30,14.539,11.299,18.496
2022-05-31,14.458,10.893,19.845
2022-06-01,14.429,10.298,20.4
2022-06-02,14.4,9.025,19.416
2022-06-03,13.927,11.576,17.612
2022-06-04,13.522,10.539,17.231
2022-06-05,13.533,10.035,18.491
2022-06-06,13.895,9.073,18.876
2022-06-07,14.016,9.899,19.181
2022-06-08,14.094,11.826,18.348
2022-06-09,13.991,11.459,17.763
2022-06-10,14.071,9.991,19.996
2022-06-11,14.378,10.945,18.381
2022-06-12,13.628,10.361,17.039
2022-06-13,13.849,10.605,17.619
2022-06-14,13.396,9.707,17.666
2022-06-15,13.607,9.334,18.107
2022-06-16,13.73,8.848,19.012
2022-06-17,14.058,11.288,18.467
2022-06-18,13.431,9.871,18.4
2022-06-19,13.792,11.12,17.572
2022-06-20,13.726,11.484,17.015
2022-06-21,13.573,10.258,18.174
2022-06-22,13.858,9.154,19.435
2022-06-23,14.644,10.106,20.683
2022-06-24,13.935,9.454,19.284
2022-06-25,13.664,10.252,17.965
2022-06-26,13.65,11.616,16.473
2022-06-27,12.989,8.61,18.482
2022-06-28,14.105,10.661,18.755
2022-06-29,13.943,10.943,18.012
2022-06-30,13.729,8.398,20.19
2022-07-01,14.276,9.255,19.801
2022-07-02,14.605,10.371,19.7
2022-07-03,14.313,8.853,20.65
2022-07-04,14.677,9.64,21.107
2022-07-05,13.947,8.153,20.402
2022-07-06,14.426,9.107,19.882
2022-07-07,14.755,10.638,19.977
2022-07-08,14.387,10.966,18.897
2022-07-09,14.204,8.55,20.03
2022-07-10,14.624,8.831,20.836
2022-07-11,13.874,11.319,17.083
2022-07-12,14.026,9.698,19.165
2022-07-13,14.448,9.615,20.016
2022-07-14,14.428,8.883,20.303
2022-07-15,14.163,9.625,19.171
2022-07-16,14.596,9.801,20.629
2022-07-17,14.304,8.949,19.762
2022-07-18,14.199,9.125,19.391
2022-07-19,14.72,9.423,21.165
2022-07-20,14.676,9.087,19.837
2022-07-21,13.919,8.436,19.62
2022-07-22,14.642,10.859,19.823
2022-07-23,14.02,10.61,18.438
2022-07-24,14.185,9.335,19.584
2022-07-25,14.032,9.897,19.172
2022-07-26,13.931,10.026,19.661
2022-07-27,13.434,9.28,17.502
2022-07-28,13.818,11.683,17.022
2022-07-29,14.274,10.691,19.825
2022-07-30,13.947,8.395,21.308
2022-07-31,14.947,10.523,19.81
2022-08-01,14.578,10.699,18.684
2022-08-02,14.093,10.189,18.931
2022-08-03,14.17,10.917,18.445
2022-08-04,14.206,9.135,19.827
2022-08-05,13.627,9.57,17.419
2022-08-06,13.93,10.871,17.031
2022-08-07,14.31,10.098,20.234
2022-08-08,15.101,8.46,22.398
2022-08-09,15.332,10.408,20.507
2022-08-10,14.677,11.299,19.635
2022-08-11,13.815,7.458,20.326
2022-08-12,14.144,8.491,19.087
2022-08-13,14.365,11.054,19.429
2022-08-14,14.453,10.712,19.217
2022-08-15,14.187,9.373,19.547
2022-08-16,13.72,9.584,19.901
2022-08-17,14.976,10.729,20.561
2022-08-18,14.993,7.773,21.525
2022-08-19,15.646,8.679,22.074
2022-08-20,14.921,10.51,19.848
2022-08-21,13.746,10.207,18.659
2022-08-22,13.39,10.044,17.29
2022-08-23,13.65,8.37,19.904
2022-08-24,14.319,8.374,20.844
2022-08-25,14.009,8.961,19.737
2022-08-26,13.851,9.186,18.778
2022-08-27,13.194,9.112,18.258
2022-08-28,13.619,8.634,19.734
2022-08-29,14.026,11.182,18.782
2022-08-30,14.029,8.214,19.984
2022-08-31,14.218,9.473,20.021
2022-09-01,14.116,10.244,19.395
2022-09-02,14.783,11.554,20.157
2022-09-03,15.089,10.93,20.747
2022-09-04,15.003,11.461,20.224
2022-09-05,13.675,7.993,19.966
2022-09-06,14.444,9.141,20.175
2022-09-07,14.74,9.766,20.932
2022-09-08,14.428,9.204,20.437
2022-09-09,14.644,9.739,20.636
2022-09-10,14.288,8.391,20.798
2022-09-11,14.411,7.906,21.072
2022-09-12,13.884,9.037,19.394
2022-09-13,13.822,9.908,19.521
2022-09-14,13.935,9.786,19.856
2022-09-15,14.323,9.336,20.837
2022-09-16,14.904,9.702,21.303
2022-09-17,14.585,10.451,20.599
2022-09-18,14.136,8.91,20.724
2022-09-19,13.864,10.095,19.335
2022-09-20,14.091,10.773,19.73
2022-09-21,14.208,11.078,19.898
2022-09-22,13.645,11.681,17.306
2022-09-23,14.46,10.371,20.377
2022-09-24,14.519,10.118,20.815
2022-09-25,14.166,10.152,20.412
2022-09-26,14.751,8.477,21.469
2022-09-27,14.606,8.881,21.309
2022-09-28,14.642,10.658,20.292
2022-09-29,14.461,11.832,19.684
2022-09-30,13.961,10.27,19.199
2022-10-01,13.739,10.466,18.601
2022-10-02,13.967,9.492,20.255
2022-10-03,14.055,7.881,21.261
2022-10-04,14.077,8.819,19.998
2022-10-05,14.089,10.909,19.013
2022-10-06,13.974,10.502,18.02
2022-10-07,14.22,9.832,20.398
2022-10-08,13.922,9.297,19.448
2022-10-09,13.655,9.726,18.149
2022-10-10,13.926,9.429,19.855
2022-10-11,14.655,10.066,21.074
2022-10-12,14.702,10.556,20.421
2022-10-13,14.565,10.285,20.089
2022-10-14,14.752,11.766,20.202
2022-10-15,14.908,11.635,20.417
2022-10-16,14.193,9.461,19.4
2022-10-17,14.237,10.349,21.058
2022-10-18,14.289,10.624,19.199
2022-10-19,14.573,11.651,19.694
2022-10-20,14.115,11.856,18.037
2022-10-21,14.076,9.637,20.242
2022-10-22,14.669,11.716,19.78
2022-10-23,14.711,11.162,20.037
2022-10-24,14.344,10.795,19.258
2022-10-25,14.387,9.695,19.216
2022-10-26,15.0,12.644,19.015
2022-10-27,14.269,11.543,20.2
2022-10-28,14.81,12.148,20.723
2022-10-29,14.574,11.785,18.569
2022-10-30,14.986,10.164,20.646
2022-10-31,14.799,8.262,21.02
2022-11-01,15.458,12.334,20.398
2022-11-02,15.019,10.541,20.669
2022-11-03,14.619,11.14,19.757
2022-11-04,14.234,9.896,19.48
2022-11-05,14.415,11.908,19.184
2022-11-06,14.388,10.472,20.582
2022-11-07,14.856,10.639,20.732
2022-11-08,14.566,10.963,19.195
2022-11-09,14.231,11.402,18.844
2022-11-10,14.181,11.583,19.015
2022-11-11,14.128,11.531,19.026
2022-11-12,14.032,11.148,17.949
2022-11-13,13.805,10.11,18.815
2022-11-14,14.446,11.119,19.367
2022-11-15,14.809,11.946,19.977
2022-11-16,14.793,10.212,20.156
2022-11-17,14.611,10.169,20.06
2022-11-18,14.18,11.894,18.765
2022-11-19,14.559,10.866,19.614
2022-11-20,14.746,10.466,20.651
2022-11-21,14.837,12.438,18.992
2022-11-22,14.284,11.496,18.616
2022-11-23,14.002,9.807,19.35
2022-11-24,14.204,10.17,19.577
2022-11-25,14.887,11.743,19.972
2022-11-26,14.64,11.457,19.206
2022-11-27,13.901,10.613,18.428
2022-11-28,13.958,12.005,16.782
2022-11-29,13.468,11.161,16.452
2022-11-30,13.754,11.652,17.052
2022-12-01,14.288,12.171,18.9
2022-12-02,14.256,11.707,18.876
2022-12-03,14.07,10.746,18.611
2022-12-04,14.07,10.567,18.902
2022-12-05,13.815,10.486,18.133
2022-12-06,14.242,11.477,18.589
2022-12-07,14.03,10.432,18.393
2022-12-08,14.294,11.537,18.751
2022-12-09,14.573,11.863,18.798
2022-12-10,14.192,10.832,18.397
2022-12-11,14.169,10.665,19.75
2022-12-12,13.505,9.122,18.659
2022-12-13,13.97,10.284,19.284
2022-12-14,13.913,9.232,19.398
2022-12-15,14.085,7.93,20.511
2022-12-16,15.189,10.669,20.905
2022-12-17,14.744,9.511,20.173
2022-12-18,14.78,10.484,20.266
2022-12-19,14.325,9.7,19.89
2022-12-20,15.153,9.498,20.943
2022-12-21,14.755,10.681,20.185
2022-12-22,14.578,9.245,20.607
2022-12-23,15.294,11.064,20.976
2022-12-24,14.815,7.946,20.581
2022-12-25,14.663,8.561,20.505
2022-12-26,14.95,9.828,20.862
2022-12-27,15.091,11.225,19.611
2022-12-28,14.796,11.266,19.8
2022-12-29,14.378,10.802,19.242
2022-12-30,14.206,9.012,20.208
2022-12-31,14.708,11.244,19.574
